[630.1832406] 4.547272801399231
[630.2456834] 4.478725910186768
[630.3075723] 3.4366011321544647
[630.3783159] 1.1716563701629639
[630.4404199] -2.160389482975006
[630.5032926] -5.699537515640259
[630.5664333] -8.29128834605217
[630.62985] -9.589188158512115
[630.6904069] -8.739683518186212
[630.7621475] -5.572900146245956
[630.8242473] -1.6748610213398933
[630.8887193, 630.8887487] -0.16063058376312256
[630.9481035] -0.3080081306397915
[631.0127639] -0.6715228529646993
[631.0819968] -0.793729767203331
[631.1456125] 0.8062198087573051
[631.2065025] 2.9630915075540543
[631.2708152] 4.216895826160908
[631.3323764] 4.857078343629837
[631.4043695] 4.86089096032083
[631.4653872] 4.51730733923614
[631.5278718] 4.068365812301636
[631.5894418] 3.5014089941978455
[631.6518022] 2.889824941754341
[631.7224898] 2.5688352584838867
[631.7846807] 3.156957920640707
[631.8474154, 631.8474474] 4.012545675039291
[631.9108234] 3.45663995295763
[631.9715289] 2.8493946343660355
[632.0418939] 1.4428945183753967
[632.1046907] -0.22685636579990387
[632.1667087] -1.8053152933716774
[632.2315135] -3.2159137800335884
[632.2931488] -3.7558498680591583
[632.3549116] -4.022651568055153
[632.4246625] -4.154764801263809
[632.4883504] -3.1829677307978272
[632.5498635] -1.4183721840381622
[632.613165] -0.04859630763530731
[632.6754527] 1.3366060107946396
[632.7472661] 2.6752360463142395
[632.8078207, 632.8078542] 3.0402709543704987
[632.8721367] -0.4766944348812103
[632.9331885] -2.221688821911812
[632.9956134] -3.282406322658062
[633.0659218] -3.222867637872696
[633.1279331] -2.1951783299446106
[633.1916564] -0.9198185205459595
[633.2552076] -0.05727648735046387
[633.3174577] 0.18737584352493286
[633.385816] -0.6074994802474976
[633.4481216] -2.0093428194522858
[633.5106862] -2.64458529651165
[633.5741187] -1.9283895194530487
[633.6383915] -0.6272319927811623
[633.6980331] 1.3439706042408943
[633.7697516, 633.7697793] 3.784644693136215
[633.8328458] 5.593359470367432
[633.8950458] 5.1392297595739365
[633.9569411] 3.8708202466368675
[634.0195936] 2.161415860056877
[634.0897364] 0.21602341532707214
[634.1514931] -1.5488341450691223
[634.214893] -2.166546642780304
[634.2775291] -1.356511726975441
[634.3401356] 0.2903139293193817
[634.41033] 2.167338252067566
[634.4735329] 3.3943055868148804
[634.5353798] 3.146708607673645
[634.5977579] 2.0109963715076447
[634.659561] 0.9109227135777473
[634.7312304, 634.7312687] 0.4917120039463043
[634.7933635] 0.2104003056883812
[634.8545661] -0.20927339792251587
[634.9181092] -1.544546365737915
[634.9816564] -4.170322775840759
[635.0511078] -6.913133412599564
[635.1130318] -8.529144525527954
