443008.1038935 -109.97711944580078
443008.1740559 -118.97393798828125
443008.1740731 -115.52491760253906
443008.236554 -104.5657958984375
443008.2983647 -102.15123748779297
443008.36098 -104.30168151855469
443008.424049 -103.27706146240234
443008.4938475 -98.04763793945312
443008.5572105 -88.38396453857422
443008.6231354 -65.29171752929688
443008.6820786 -35.729400634765625
443008.751819 -14.116320610046387
443008.8066437 -10.855595588684082
443008.8766508 -28.81366539001465
443008.9403119 -60.838802337646484
443009.0021305 -90.54121398925781
443009.0642413 -104.23070526123047
443009.1269005 -100.7923583984375
443009.1269177 -80.70185089111328
443009.1970637 -56.47392654418945
443009.2603576 -36.26276779174805
443009.322807 -19.920673370361328
443009.3847749 -12.914335250854492
443009.4481668 -17.765121459960938
443009.5182537 -38.08229446411133
443009.5805222 -61.25831985473633
443009.6419985 -75.87311553955078
443009.705518 -78.32443237304688
443009.7675523 -67.22838592529297
443009.8382669 -37.2216796875
443009.8998717 -8.2451810836792
443009.9631445 5.047101974487305
443010.0247262 5.269059181213379
443010.0883749 -10.36946964263916
443010.0883917 -35.72026824951172
443010.1587293 -58.34833908081055
443010.2211583 -72.88829040527344
443010.2833761 -82.11013793945312
443010.346643 -88.6268539428711
443010.4077212 -87.71275329589844
443010.4702947 -82.79972839355469
443010.5415053 -82.6221923828125
443010.6031288 -83.98835754394531
443010.665914 -82.30220031738281
443010.7287145 -86.74087524414062
443010.7906888 -93.98532104492188
443010.8608087 -99.10304260253906
443010.9238599 -101.9239501953125
443010.9862678 -105.04243469238281
443011.0489841 -111.83638000488281
443011.0490011 -119.4548568725586
443011.111356 -118.11592864990234
443011.1821421 -112.09217071533203
443011.2437987 -99.97607421875
443011.306076 -74.4606704711914
443011.3690417 -47.21049118041992
443011.4318727 -34.49446105957031
443011.5021319 -33.45748519897461
443011.56497 -36.182762145996094
443011.6271401 -41.50425338745117
443011.6898655 -52.6395263671875
443011.7522127 -63.07269287109375
443011.8216424 -65.06573486328125
443011.8841971 -59.56947708129883
443011.9475038 -55.00785827636719
443012.0093018 -51.4181022644043
443012.0093194 -48.55631637573242
443012.072151 -46.43105697631836
443012.1347854 -47.4370002746582
443012.2052398 -49.117862701416016
443012.268283 -48.082523345947266
443012.3305838 -46.87782669067383
443012.3924056 -57.723487854003906
443012.4548395 -73.15309143066406
443012.5256391 -84.67508697509766
443012.5896753 -89.90505981445312
443012.6497633 -87.2378158569336
443012.7128198 -76.1484375
443012.775303 -62.84302520751953
443012.8464945 -46.38134765625
443012.9087524 -32.96501159667969
443012.9705526 -23.559268951416016
443012.9705712 -12.73705768585205
443013.0327177 -4.154926776885986
443013.0958801 -5.355187892913818
443013.1670523 -20.145565032958984
443013.2289135 -45.36540603637695
443013.2908545 -67.99090576171875
443013.3549382 -82.9627685546875
443013.4155494 -96.14288330078125
443013.487558 -98.18856811523438
443013.5491238 -84.90254211425781
443013.6111633 -70.3978042602539
443013.6753652 -64.21211242675781
443013.7364551 -58.50059509277344
443013.7986333 -44.08718490600586
443013.8689734 -27.365610122680664
443013.9315071 -17.771732330322266
443013.9315246 -15.681404113769531
443013.9937836 -22.991735458374023
443014.0564279 -38.416141510009766
443014.1186906 -50.54558563232422
443014.1896148 -59.3199462890625
443014.251685 -65.73594665527344
443014.3147513 -68.0029525756836
443014.3792706 -69.07268524169922
443014.4400153 -76.2750473022461
443014.5110022 -84.28658294677734
443014.572384 -85.71470642089844
443014.6347717 -83.47069549560547
443014.6966765 -84.36559295654297
443014.7595954 -93.58525848388672
443014.8297959 -106.11363983154297
443014.8929818 -121.09687805175781
443014.8929998 -137.544677734375
443014.9552576 -148.04598999023438
443015.0184168 -148.1345672607422
443015.0809607 -145.98855590820312
443015.1438046 -146.74575805664062
443015.21277 -148.35777282714844
443015.2754895 -154.95660400390625
443015.3382005 -156.8363800048828
443015.4012301 -140.4489288330078
443015.4623658 -111.2281494140625
443015.5346761 -72.96662139892578
443015.5957927 -27.842758178710938
443015.6586235 4.750916957855225
443015.7202897 14.571549415588379
443015.7834873 11.070338249206543
443015.8531892 -2.894033908843994
443015.8532098 -24.10940170288086
443015.9159781 -39.479087829589844
443015.9788834 -45.753543853759766
443016.0417014 -44.42914962768555
443016.1036457 -40.05097198486328
443016.1737761 -37.31461715698242
443016.2371673 -39.54351806640625
443016.299402 -45.02373123168945
443016.3616278 -53.813499450683594
443016.4239619 -60.208045959472656
443016.4947001 -63.30696105957031
443016.5562506 -67.58670806884766
443016.6191013 -70.09547424316406
443016.6812576 -70.015380859375
443016.7434853 -70.33454895019531
443016.8067606 -69.63154602050781
443016.8067788 -63.72256851196289
443016.8768609 -53.834259033203125
443016.9394979 -36.9571647644043
443017.0019647 -16.417556762695312
443017.064147 3.211730718612671
443017.1274018 24.207361221313477
443017.1978588 42.746646881103516
443017.2597399 49.787696838378906
443017.3225219 42.60471725463867
443017.3857166 28.31072425842285
443017.4479777 10.83267879486084
443017.5178003 -5.77256965637207
443017.5802346 -17.431535720825195
443017.6426905 -21.100427627563477
443017.7053353 -21.25545310974121
443017.7680912 -28.215673446655273
443017.7681134 -46.036922454833984
443017.8379798 -65.53600311279297
443017.9002892 -72.54488372802734
443017.962961 -68.22850036621094
443018.0252835 -54.107425689697266
443018.0873922 -28.971431732177734
443018.1586977 -4.849968910217285
443018.2206447 -1.011948823928833
443018.2833961 -6.6737260818481445
443018.3456457 -11.542242050170898
443018.4079579 -21.97220802307129
443018.4702586 -32.95521545410156
443018.5407069 -33.518798828125
443018.6042312 -34.48118209838867
443018.6654166 -42.124549865722656
443018.7283588 -44.37015914916992
443018.7283767 -39.7013053894043
443018.7904631 -36.1087760925293
443018.860989 -38.619991302490234
443018.923267 -45.27229309082031
443018.9868966 -52.14665603637695
443019.0488809 -61.41326904296875
443019.1109466 -72.21367645263672
443019.1816989 -78.40646362304688
443019.2437628 -78.04182434082031
443019.3061776 -78.54122924804688
443019.3696711 -77.20716094970703
443019.4322441 -72.28559112548828
443019.5032182 -67.73941802978516
443019.564852 -58.56352233886719
443019.6273332 -40.63138198852539
443019.6898386 -25.045921325683594
443019.6898564 -19.002559661865234
443019.7524809 -17.139888763427734
443019.8217762 -25.30541229248047
443019.8840866 -50.27891159057617
443019.9477117 -84.25616455078125
443020.0107566 -106.46878814697266
443020.0721134 -110.69464874267578
443020.1346571 -110.6537857055664
443020.2055336 -110.48182678222656
443020.2680206 -103.35355377197266
443020.3295055 -97.427734375
443020.392971 -100.44794464111328
443020.455726 -103.35191345214844
443020.52582 -99.41355895996094
443020.5882419 -90.79698944091797
443020.6502985 -76.59215545654297
443020.6503172 -58.310157775878906
443020.712956 -40.71516418457031
443020.7755372 -25.125425338745117
443020.8455069 -7.825221538543701
443020.9085625 3.5163393020629883
443020.9707034 7.64153528213501
443021.0328796 9.40956974029541
443021.0954161 10.269976615905762
443021.1665564 4.741251468658447
443021.2290192 -5.435050010681152
443021.2909752 -10.704643249511719
443021.3535329 -13.544950485229492
443021.4182177 -23.615676879882812
443021.4859815 -42.61314392089844
443021.5501698 -59.49550247192383
443021.6126068 -80.94105529785156
443021.6126283 -104.41387176513672
443021.6741169 -111.21551513671875
443021.7367077 -95.64105224609375
443021.7987889 -72.57108306884766
443021.8696717 -47.36570358276367
443021.9315327 -22.247642517089844
443021.9945132 -11.54317569732666
443022.0561994 -14.40701675415039
443022.119833 -17.6121768951416
443022.1902716 -18.82773780822754
443022.2529197 -16.716026306152344
443022.3140461 -10.508071899414062
443022.3777558 -6.986809253692627
443022.4395227 -16.83218002319336
443022.5095435 -28.9714412689209
443022.5733922 -40.42001724243164
443022.57341 -50.40935134887695
443022.6347168 -57.00563049316406
443022.6976557 -58.038734436035156
443022.7592674 -60.2630729675293
443022.8367715 -66.17451477050781
443022.893066 -68.2751235961914
443022.9549406 -62.228599548339844
443023.0173733 -55.118919372558594
443023.0798634 -52.58082580566406
443023.143811 -48.429473876953125
443023.2123708 -44.43312072753906
443023.2750821 -55.3886604309082
443023.3388517 -78.80370330810547
443023.4029334 -100.10726165771484
443023.462985 -109.69697570800781
443023.5329008 -114.29405975341797
443023.5329203 -105.13630676269531
443023.5958831 -74.78150177001953
443023.6584616 -42.96726608276367
443023.7201457 -31.13466453552246
443023.7844551 -30.668651580810547
443023.8532239 -32.651607513427734
443023.9154862 -39.30986022949219
443023.9788611 -44.14081573486328
443024.0411866 -41.455230712890625
443024.1037126 -37.36266326904297
443024.1740242 -40.33184814453125
443024.2365249 -42.414390563964844
443024.2992423 -42.506629943847656
443024.3613424 -40.299278259277344
443024.4295482 -36.9517936706543
443024.4946021 -43.01332092285156
443024.4946205 -58.62541961669922
443024.5572362 -70.96580505371094
443024.6190586 -79.68016052246094
443024.6819694 -84.17112731933594
443024.7463582 -76.71082305908203
443024.8061639 -63.0866813659668
443024.8765639 -53.72877883911133
443024.9388089 -48.45393753051758
443025.0013476 -51.404319763183594
443025.064607 -62.27244567871094
443025.1265296 -72.71194458007812
443025.1967044 -72.0087890625
443025.2598854 -68.87552642822266
443025.323344 -67.18292999267578
443025.3867717 -59.47914505004883
443025.44755 -53.34850311279297
443025.4475689 -61.319759368896484
443025.5171074 -72.49153900146484
443025.5807129 -75.25233459472656
443025.6439487 -77.53314208984375
443025.7075654 -85.6614990234375
443025.7678935 -93.0989990234375
443025.8372882 -95.91618347167969
443025.9010519 -96.69820404052734
443025.9625319 -97.88591766357422
443026.0254447 -95.26473236083984
443026.0877664 -86.44881439208984
443026.1577956 -73.22311401367188
443026.2209439 -61.4592399597168
443026.2830419 -48.97941207885742
443026.3468662 -36.74102783203125
443026.4098966 -33.9161491394043
443026.409921 -45.32505416870117
443026.4711191 -58.2497444152832
443026.5420076 -64.67401123046875
443026.604347 -62.29716110229492
443026.6666788 -55.4879264831543
443026.7288906 -49.38996505737305
443026.7915637 -49.2839469909668
443026.8608076 -63.67005157470703
443026.9243648 -91.00980377197266
443026.9858489 -112.89334106445312
443027.0500233 -118.68946075439453
443027.1113026 -113.50403594970703
443027.1821944 -99.13904571533203
443027.2436415 -82.49188232421875
443027.3066663 -71.94947052001953
443027.3693264 -65.66864013671875
443027.3693458 -66.12794494628906
443027.4324678 -73.27853393554688
443027.5022349 -79.68963623046875
443027.5649137 -80.45706939697266
443027.6273951 -75.08648681640625
443027.6892028 -65.18681335449219
443027.7530957 -61.88126754760742
443027.8220016 -64.83241271972656
443027.8841536 -70.71019744873047
443027.9475616 -83.62370300292969
443028.0091752 -99.85124969482422
443028.0728564 -105.1928939819336
443028.1352239 -99.53746795654297
443028.2058502 -86.23696899414062
