[63461.1515406, 63461.151571, 63461.1515895, 63461.1516077, 63461.1516258, 63461.1516441, 63461.151662, 63461.1516801, 63461.151698, 63461.151716, 63461.1517339, 63461.1517521, 63461.1517702, 63461.1517882, 63461.1518061, 63461.1518239, 63462.1536548, 63462.1536832, 63462.1537017, 63462.1537202, 63462.1537385, 63462.1537566, 63462.1537747, 63462.1537948, 63462.1538128, 63462.1538312, 63462.153849, 63462.1538671, 63462.1538851, 63462.1539034, 63462.1539213, 63462.1539395, 63463.1551188, 63463.155155, 63463.1551839, 63463.1552112, 63463.1552387, 63463.1552657, 63463.1552927, 63463.1553195, 63463.1553462, 63463.1553729, 63463.1554, 63463.1554282, 63463.1554627, 63463.1554819, 63463.1555, 63463.1555185, 63464.1513723, 63464.1514039, 63464.1514235, 63464.1514422, 63464.1514611, 63464.1514801, 63464.1514988, 63464.1515175, 63464.1515361, 63464.151555, 63464.151574, 63464.1515925, 63464.1516111, 63464.1516296, 63464.1516481, 63464.151667, 63465.1532609, 63465.1532894, 63465.1533086, 63465.1533278, 63465.1533465, 63465.1533649, 63465.1533838, 63465.1534026, 63465.1534214, 63465.15344, 63465.1534585, 63465.1534771, 63465.1534957, 63465.1535141, 63465.1535328, 63465.1535516, 63466.1552673, 63466.1553045, 63466.1553333, 63466.1553612, 63466.1553895, 63466.1554172, 63466.1554475, 63466.1554753, 63466.1555028, 63466.1555303, 63466.155558, 63466.1555853, 63466.1556127, 63466.1556401, 63466.1556677, 63466.155695, 63467.1512143, 63467.1512447, 63467.1512634, 63467.151282, 63467.1513002, 63467.1513182, 63467.1513365, 63467.1513546, 63467.1513725, 63467.1513908, 63467.1514087, 63467.1514266, 63467.1514445, 63467.1514624, 63467.1514803, 63467.1514986, 63468.1528524, 63468.1528872, 63468.1529138, 63468.1529406, 63468.152967, 63468.1529926, 63468.1530184, 63468.1530436, 63468.1530683, 63468.153094, 63468.1531192, 63468.1531438, 63468.1531689, 63468.1531942, 63468.1532198, 63468.1532447, 63469.1529711, 63469.1529999, 63469.1530192, 63469.153038, 63469.1530567, 63469.1530758, 63469.1530947, 63469.1531136, 63469.1531322, 63469.1531508, 63469.1531694, 63469.153188, 63469.1532068, 63469.1532253, 63469.1532439, 63469.1532627, 63470.1508362, 63470.1508659, 63470.1508846, 63470.1509029, 63470.1509215, 63470.1509395, 63470.1509575, 63470.1509756, 63470.1509936, 63470.1510117, 63470.1510302, 63470.1510481, 63470.1510662, 63470.1510844, 63470.1511025, 63470.151121] -7.426176466260635
[63471.152816, 63471.1528458, 63471.1528652, 63471.1528837, 63471.1529023, 63471.1529209, 63471.1529396, 63471.1529586, 63471.1529771, 63471.1529957, 63471.1530143, 63471.1530327, 63471.1530513, 63471.1530697, 63471.1530884, 63471.1531069] -7.332802500043595
[63472.1527804, 63472.1528096, 63472.152829, 63472.1528477, 63472.1528666, 63472.1528854, 63472.1529041, 63472.152923, 63472.1529417, 63472.1529602, 63472.1529788, 63472.1529973, 63472.1530161, 63472.153035, 63472.1530537, 63472.1530723] -7.028233133043564
[63473.1542408, 63473.1542706, 63473.1542893, 63473.1543077, 63473.154326, 63473.1543442, 63473.1543624, 63473.1543803, 63473.1543986, 63473.1544169, 63473.1544349, 63473.1544531, 63473.1544714, 63473.1544897, 63473.1545079, 63473.1545262, 63474.1517313, 63474.1517591, 63474.1517782, 63474.1517965, 63474.1518147, 63474.1518331, 63474.1518512, 63474.1518691, 63474.1518876, 63474.1519056, 63474.1519236, 63474.1519419, 63474.1519599, 63474.1519779, 63474.1519959, 63474.152014, 63475.1504703, 63475.1505006, 63475.1505194, 63475.1505377, 63475.150556, 63475.1505743, 63475.1505922, 63475.1506106, 63475.1506286, 63475.1506469, 63475.1506652, 63475.1506834, 63475.1507016, 63475.1507197, 63475.1507379, 63475.1507561, 63476.1521267, 63476.1521554, 63476.1521751, 63476.1521936, 63476.1522143, 63476.152263, 63476.1522892, 63476.1523085, 63476.1523274, 63476.1523459, 63476.1523646, 63476.1523831, 63476.1524018, 63476.1524205, 63476.152439, 63476.1524577] -6.195848029000418
[63477.1611762, 63477.1612329, 63477.1612771, 63477.1613235, 63477.1613501, 63477.1613743, 63477.1613991, 63477.1614228] -5.549354743957519
[63477.1614467, 63477.1614703, 63477.1614945, 63477.1615187, 63477.1615428, 63477.1615669, 63477.1615907, 63477.1616188] -6.633008275713241
[63478.1520173, 63478.1520493, 63478.1520731, 63478.1520965, 63478.1521201, 63478.1521433, 63478.1521665, 63478.1521897, 63478.152213, 63478.1522361, 63478.1522594, 63478.1522825, 63478.152306, 63478.1523292, 63478.1523525, 63478.1523757] -7.977789456503732
[63479.149993, 63479.1500229, 63479.1500418, 63479.15006, 63479.150078, 63479.150096, 63479.1501142, 63479.1501321, 63479.1501501, 63479.1501682, 63479.1501862, 63479.150204, 63479.1502222, 63479.1502402, 63479.1502583, 63479.1502762, 63480.1521922, 63480.1522207, 63480.1522394, 63480.1522577, 63480.1522757, 63480.1522959, 63480.1523143, 63480.1523326, 63480.1523506, 63480.1523687, 63480.1523866, 63480.1524051, 63480.1524231, 63480.1524413, 63480.1524597, 63480.1524777, 63481.1503815, 63481.1504154, 63481.1504349, 63481.150454, 63481.150473, 63481.1504918, 63481.1505103, 63481.150529, 63481.1505478, 63481.1505667, 63481.1505857, 63481.1506043, 63481.150623, 63481.1506419, 63481.1506608, 63481.15068] -6.706384045737131
[63482.1496515, 63482.1496803, 63482.149699, 63482.149717, 63482.1497352, 63482.1497532, 63482.1497712, 63482.149813, 63482.1498536, 63482.1498776, 63482.149901, 63482.1499242, 63482.1499474, 63482.1499706, 63482.1499942, 63482.1500172] -7.573737457820348
[63483.151775, 63483.1518046, 63483.1518242, 63483.1518433, 63483.1518624, 63483.1518812, 63483.1519, 63483.1519186, 63483.1519373, 63483.1519558, 63483.1519748, 63483.1519932, 63483.1520118, 63483.1520304, 63483.152049, 63483.1520675] -5.761930751800538
[63484.1514907, 63484.1515186, 63484.1515372, 63484.1515553, 63484.1515738, 63484.1515921, 63484.1516102, 63484.1516283, 63484.1516464, 63484.1516643, 63484.1516824, 63484.1517007, 63484.1517186, 63484.1517366, 63484.1517546, 63484.1517728, 63485.1516829, 63485.1517105, 63485.1517293, 63485.1517476, 63485.1517659, 63485.1517841, 63485.1518026, 63485.1518206, 63485.1518391, 63485.1518571, 63485.1518751, 63485.151893, 63485.1519111, 63485.1519291, 63485.1519475, 63485.1519655] -6.438630158560617
[63486.150096, 63486.1501236, 63486.1501423, 63486.1501606, 63486.1501788, 63486.1501969, 63486.150215, 63486.1502332, 63486.1502514, 63486.1502697, 63486.1502879, 63486.150306, 63486.150324, 63486.1503423, 63486.1503603, 63486.1503784] -6.417758710043772
[63487.1513994, 63487.1514283, 63487.1514476, 63487.1514664, 63487.1514851, 63487.151504, 63487.1515225, 63487.1515411, 63487.1515596, 63487.1515783, 63487.1515969, 63487.1516155, 63487.151634, 63487.1516524, 63487.151671, 63487.1516899] -5.916876316070557
[63488.1524596, 63488.1524919, 63488.1525158, 63488.152539, 63488.1525622, 63488.1525854, 63488.1526088, 63488.1526321, 63488.1526553, 63488.1526786, 63488.1527018, 63488.152725, 63488.1527484, 63488.1527717, 63488.152795, 63488.1528183, 63489.1507764, 63489.1508118, 63489.1508388, 63489.1508659, 63489.1508919, 63489.1509182, 63489.1509437, 63489.1509694, 63489.1509959, 63489.1510214, 63489.1510479, 63489.1510735, 63489.1511, 63489.1511262, 63489.1511524, 63489.1511783, 63490.1495602, 63490.1495886, 63490.1496072, 63490.1496256, 63490.149644, 63490.1496621, 63490.1496803, 63490.1496985, 63490.1497166, 63490.1497348, 63490.149753, 63490.149771, 63490.1497893, 63490.1498073, 63490.1498254, 63490.1498437, 63491.1518275, 63491.1518564, 63491.151876, 63491.1518951, 63491.1519137, 63491.1519324, 63491.1519509, 63491.1519696, 63491.1519884, 63491.1520076, 63491.1520264, 63491.1520452, 63491.1520639, 63491.1520828, 63491.1521013, 63491.1521199] -6.790065165928432
[63492.1507204, 63492.1507483, 63492.150768, 63492.1507869, 63492.1508063, 63492.1508249, 63492.1508434, 63492.150862, 63492.1508805, 63492.1508991, 63492.150918, 63492.1509365, 63492.1509552, 63492.1509736, 63492.1509922, 63492.1510114] -7.507015895843505
[63493.1511004, 63493.1511293, 63493.1511487, 63493.1511675, 63493.1511863, 63493.151205, 63493.1512238, 63493.1512425, 63493.1512614, 63493.1512799, 63493.1512987, 63493.1513174, 63493.1513359, 63493.1513545, 63493.1513731, 63493.1513916] -7.037066309792653
[63494.1494648, 63494.1495222, 63494.149571, 63494.1495922, 63494.1496115, 63494.1496302, 63494.149649, 63494.1496677, 63494.1496866, 63494.1497051, 63494.1497241, 63494.1497426, 63494.1497611, 63494.1497797, 63494.1497988, 63494.1498175, 63495.1515968, 63495.1516258, 63495.1516454, 63495.1516643, 63495.1516832, 63495.151702, 63495.1517207, 63495.1517395, 63495.1517581, 63495.151777, 63495.1517956, 63495.1518161, 63495.1518351, 63495.151854, 63495.1518731, 63495.151892, 63496.1505797, 63496.1506155, 63496.1506431, 63496.15067, 63496.1506966, 63496.1507227, 63496.1507486, 63496.150775, 63496.1508013, 63496.1508271, 63496.1508535, 63496.1508797, 63496.1509057, 63496.1509311, 63496.1509572, 63496.1509835] -5.743811648232596
[63497.1506216, 63497.1506507, 63497.1506694, 63497.1506875, 63497.1507056, 63497.1507239, 63497.1507423, 63497.1507603, 63497.1507784, 63497.1507963, 63497.1508144, 63497.1508324, 63497.1508509, 63497.1508688, 63497.150887, 63497.1509049] -6.228155640193394
[63498.1501381, 63498.1501735, 63498.1502017, 63498.1502287, 63498.1502551, 63498.1502816, 63498.1503079, 63498.1503339, 63498.15036, 63498.1503859, 63498.1504124, 63498.1504388, 63498.1504653, 63498.1504913, 63498.1505172, 63498.1505436] -6.129752853938513
[63499.1508534, 63499.1508872, 63499.1509117, 63499.1509363, 63499.1509603, 63499.1509842, 63499.1510081, 63499.1510321, 63499.1510559, 63499.1510804, 63499.1511045, 63499.1511285, 63499.1511524, 63499.1511763, 63499.1512002, 63499.1512245, 63500.1512136, 63500.1512439, 63500.151265, 63500.1512858, 63500.1513059, 63500.151326, 63500.151346, 63500.1513661, 63500.1513864, 63500.1514066, 63500.1514266, 63500.1514466, 63500.1514666, 63500.1514868, 63500.1515073, 63500.1515274, 63501.1506098, 63501.1506383, 63501.1506578, 63501.1506765, 63501.150695, 63501.1507139, 63501.1507664, 63501.1507868, 63501.150806, 63501.1508434, 63501.1508676, 63501.1509058, 63501.1509432, 63501.1509789, 63501.1510101, 63501.151044, 63502.1516158, 63502.151644, 63502.1516634, 63502.1516824, 63502.1517012, 63502.1517201, 63502.1517388, 63502.1517575, 63502.151776, 63502.1517945, 63502.1518133, 63502.1518318, 63502.1518505, 63502.1518689, 63502.1518873, 63502.1519058, 63503.1509522, 63503.1509909, 63503.1510185, 63503.1510465, 63503.1510748, 63503.1511148, 63503.1511535, 63503.151191, 63503.1512285, 63503.1512666, 63503.1513051, 63503.1513432, 63503.1513811, 63503.1514196, 63503.151458, 63503.1514961] -7.537855284554617
[63504.1496602, 63504.1496971, 63504.1497257, 63504.1497532, 63504.1497815, 63504.1498089, 63504.1498357, 63504.1498625, 63504.1498898, 63504.1499162, 63504.1499431, 63504.1499705, 63504.1499973, 63504.1500239, 63504.1500508, 63504.1500771] -6.3198393549237935
[63505.1518282, 63505.1518562, 63505.1518753, 63505.1518934, 63505.1519117, 63505.1519297, 63505.1519477, 63505.1519656, 63505.1519838, 63505.152002, 63505.15202, 63505.152038, 63505.1520559, 63505.1520738, 63505.152092, 63505.15211] -5.735260486602783
[63506.1498579, 63506.1498866, 63506.1499055, 63506.149924, 63506.149942, 63506.1499601, 63506.1499782, 63506.1499962, 63506.1500143, 63506.1500325, 63506.1500505, 63506.1500686, 63506.1500866, 63506.1501047, 63506.1501227, 63506.1501409, 63507.1496742, 63507.1497021, 63507.1497211, 63507.1497396, 63507.1497576, 63507.149776, 63507.1497945, 63507.1498127, 63507.1498311, 63507.1498493, 63507.1498675, 63507.1498854, 63507.1499035, 63507.1499216, 63507.1499399, 63507.1499581, 63508.1512583, 63508.1512894, 63508.1513087, 63508.1513271, 63508.1513452, 63508.1513633, 63508.1513815, 63508.1513998, 63508.151418, 63508.1514361, 63508.1514541, 63508.1514723, 63508.1514906, 63508.1515087, 63508.1515271, 63508.1515451] -7.522386046818324
[63509.1520533, 63509.1520829, 63509.1521029, 63509.1521227, 63509.1521417, 63509.1521602, 63509.1521788, 63509.1521974, 63509.1522159, 63509.1522349, 63509.1522536, 63509.1522725, 63509.1522914, 63509.1523099, 63509.1523286, 63509.1523471] -6.699798624856131
[63510.1499466, 63510.1499757, 63510.1499949, 63510.1500138, 63510.1500324, 63510.1500509, 63510.1500694, 63510.1500879, 63510.1501067, 63510.1501253, 63510.1501438, 63510.1501623, 63510.1501809, 63510.1501996, 63510.1502185, 63510.1502369] -7.702455561501639
[63511.1507499, 63511.1507782, 63511.1507973, 63511.1508155, 63511.1508337, 63511.1508516, 63511.150873, 63511.1508912, 63511.1509094, 63511.1509278, 63511.1509458, 63511.1509638, 63511.1509818, 63511.1509999, 63511.1510181, 63511.1510363, 63512.1493064, 63512.1493354, 63512.1493551, 63512.149376, 63512.1493953, 63512.1494142, 63512.1494333, 63512.149452, 63512.14949, 63512.149512, 63512.1495314, 63512.1495504, 63512.1495901, 63512.1496291, 63512.1496687, 63512.1497077, 63513.1512307, 63513.1512592, 63513.1512779, 63513.1512961, 63513.1513141, 63513.1513321, 63513.1513503, 63513.1513684, 63513.1513863, 63513.1514042, 63513.1514222, 63513.1514403, 63513.1514585, 63513.1514764, 63513.1514944, 63513.1515124] -5.975291619982039
[63514.1513628, 63514.1513911, 63514.1514097, 63514.151428, 63514.1514461, 63514.1514639, 63514.1514819, 63514.1514999, 63514.151518, 63514.1515359, 63514.1515539, 63514.1515718, 63514.1515896, 63514.1516077, 63514.1516259, 63514.1516439] -6.48309223992484
[63515.1519477, 63515.1519806, 63515.1520056, 63515.1520297, 63515.1520536, 63515.1520779, 63515.1521019, 63515.1521261, 63515.1521502, 63515.1521743, 63515.1521984, 63515.1522224, 63515.1522461, 63515.1522699, 63515.152294, 63515.1523179] -6.149683407374791
