[635.1744044, 635.2378223, 635.3014806, 635.3643855, 635.4341787, 635.4952457, 635.5606363, 635.6211535, 635.6848241, 635.6848499, 635.7528506, 635.8172928, 635.8787928, 635.9446347, 636.0030518, 636.0742722, 636.1360129, 636.1982622, 636.2605552, 636.3237943, 636.3941956, 636.4569827, 636.5183509, 636.5831151, 636.6447783, 636.6448043, 636.714773, 636.7780231, 636.8402181, 636.9021764, 636.9664143, 637.0285425, 637.0979224, 637.1613269, 637.222177, 637.285971, 637.3484147, 637.4168542, 637.4818859, 637.5423555, 637.6049832, 637.6050076, 637.6696882, 637.737973, 637.8000362, 637.8633428, 637.9260323, 637.987832, 638.0581777, 638.12, 638.1835505, 638.2458937, 638.3082113, 638.3799669, 638.4410503, 638.5040428, 638.5678681, 638.5679073, 638.6300709, 638.6916193, 638.7626492, 638.8237441, 638.8871421, 638.9501743, 639.0133279, 639.0808732, 639.1437859, 639.2066394, 639.2686106, 639.3307733, 639.4042389, 639.4651478, 639.5277314, 639.5277556, 639.5894583, 639.6517354, 639.7223763, 639.784961, 639.8475622, 639.9090826, 639.9730787, 640.0421824, 640.1047928, 640.1684511, 640.2293787, 640.2916674, 640.354408, 640.4287734, 640.4880403, 640.4880634, 640.5517652, 640.6122218, 640.6761523, 640.7459326, 640.8086379, 640.8713278, 640.9343105, 640.9967686, 641.0667288, 641.1298528, 641.191077, 641.2549685, 641.3155131, 641.3872034, 641.4487703, 641.4487954, 641.512409, 641.5736538, 641.6380684, 641.6979746, 641.7708215, 641.8310022, 641.8937348, 641.9573142, 642.021046, 642.0900692, 642.1524177, 642.2140968, 642.2773574, 642.3399325, 642.4103722, 642.4103963, 642.473426, 642.5349493, 642.5972587, 642.6602654, 642.7308283, 642.7918705, 642.8543221, 642.917663, 642.981206, 643.0496246, 643.1140257, 643.1745882, 643.2393529, 643.3010495, 643.3626729, 643.3626997, 643.4337461, 643.4982811, 643.5577336, 643.6209663, 643.6831027, 643.7544512, 643.8157607, 643.8778119, 643.9412132, 644.0031594, 644.0748006, 644.1367491, 644.1993496, 644.2612665, 644.3236866, 644.3237448, 644.3933529, 644.4570096, 644.5185502, 644.5822496, 644.6441636, 644.7160745, 644.7771264, 644.8407197, 644.9016592, 644.9653164, 645.0273694, 645.0996512, 645.1601112, 645.2223327, 645.2851925, 645.2852137, 645.3518662, 645.4188663, 645.4800332, 645.542765, 645.604994, 645.6688653, 645.7379618, 645.8019955, 645.864601, 645.9251432, 645.9897563, 646.0593407, 646.120525, 646.1860868, 646.2452854, 646.2453134, 646.3101351, 646.3785583, 646.4414497, 646.503629, 646.5702422, 646.6279972, 646.6911868, 646.7619104, 646.8244576, 646.8859592, 646.9486956, 647.0110014, 647.080771, 647.1442922, 647.2070039, 647.2071617, 647.2699588, 647.3313042, 647.403193, 647.464295, 647.5271574, 647.5886594, 647.6531185, 647.7235097, 647.7865464, 647.8478179, 647.9100923, 647.9724095, 648.0440057] -9.613485436780111
[648.1059883] -4.028667850579534
[648.1702961, 648.1703192] -4.942847861881766
[648.2295098] -3.6568324233804432
[648.2925775] -3.10722715338426
[648.3561453] -3.5064188105719434
[648.4268687] -4.497138011455536
[648.4878155] -5.143520998954773
[648.5548317] -5.488923794882639
[648.6142281] -5.467735535757883
[648.676066] -5.1304530348096575
[648.7452878] -4.379844883510045
[648.809543] -3.406978324481419
[648.8715327] -2.5625859601157046
[648.9341937] -2.409346859795707
[648.9964489] -2.8207006318228576
[649.0663713] -3.7356519341468815
[649.1285749, 649.1285975] -5.502279390607562
[649.1911231] -8.89135743549892
[649.25468] -9.592249720437184
[649.315987] -9.765738330568587
[649.3860385] -9.292852889074545
[649.4536375] -8.46143717765808
[649.5120371] -7.221401308264051
[649.5737414] -5.763909867299454
[649.638977] -4.180286584581648
[649.6981415] -2.300201627186367
[649.7690022] -0.7426381922193939
[649.8316903] -0.2785492283957345
[649.8937208] -0.49317207677023767
[649.9563591] -1.1799245813063213
[650.0211822] -2.5492491568837847
[650.0940391, 650.0940779] -3.994151070181813
[650.152752] -5.348406487277575
[650.213657] -5.4738185839993605
[650.2835394] -5.435819351673127
[650.3394658] -5.624350603989193
[650.4112905] -5.619438065801348
[650.4724584] -5.166833155495779
[650.5358489] -4.428122543011393
[650.5973006] -3.2090955853462217
[650.6604966] -2.015048110485077
[650.7304048] -1.5873031620468412
[650.7919883] -2.295361682346889
[650.8546606] -3.604448252064841
[650.9176555] -5.0096219701426365
[650.9807693] -5.83475215264729
[651.0523132, 651.0523408] -5.772449235192368
[651.1134206] -3.435799605505807
[651.174584] -2.6383618244103024
[651.2384804] -2.291114979130881
[651.3036053] -2.083068983043943
[651.3638192] -1.5486877134868078
[651.4342851] -0.5644428312778473
[651.4958221] 0.003873922642586791
[651.5579221] 0.11620997488498697
[651.6207527] 0.2700339777129033
[651.6836674] -0.12086877141680041
[651.7528692] -1.2932424102510724
[651.8160906] -1.8243647847856792
[651.8791089] -1.7711748327527732
[651.9406662] -2.599011875901904
[652.007572, 652.0075955] -3.7959804347583224
[652.0783491] -5.286529068721991
[652.1364971] -6.524326000894819
[652.1987897] -7.490116231782096
[652.2625551] -7.671135501669986
[652.3240846] -7.198220753456866
[652.3954551] -6.2583456043952275
[652.46153] -5.087292745283672
[652.518557] -3.805002400279045
[652.5823359] -2.8222239506031785
[652.647677] -2.5667981051972935
[652.7153541] -2.372581584112985
[652.7775948] -2.1912261835166387
[652.8399065] -2.191066263403211
[652.9052964] -2.0274214914866855
[652.9657418, 652.965771] -1.5701434424945284
[653.0285618] 0.6265294241053716
[653.0972106, 653.1594017, 653.2216217, 653.2842838, 653.3474493, 653.4179518, 653.4795378, 653.5435457, 653.6058638, 653.6680327, 653.7389526, 653.7998028, 653.8646623, 653.9254367, 653.9254595, 653.9888722, 654.0572179, 654.122679, 654.1829452, 654.2469893, 654.3074601, 654.380656, 654.4411268, 654.5037965, 654.5664291, 654.629369, 654.6927241, 654.760769, 654.8233519, 654.8866816, 654.886705, 654.9480573, 655.0110774, 655.083039, 655.1438941, 655.2063144, 655.2690647, 655.332945, 655.4020683, 655.4653866, 655.5264476, 655.5898749, 655.6522633, 655.7222928, 655.7843751, 655.8487056, 655.8487833, 655.9093734, 655.9723005, 656.0429656, 656.1050884, 656.1674776, 656.231347, 656.2927866, 656.3545554, 656.4268284, 656.4879547, 656.5497982, 656.6133115, 656.677089] 2.0189394746507916
[656.7465441] -2.4624572213206974
[656.8076895, 656.8077149] -1.9599317516599388
[656.8705509] -4.571487147467476
[656.9340085] -6.141862038203649
[656.9958775] -6.64913159438542
[657.0724221] -6.397660462771143
[657.1278687] -5.685226481301443
[657.1918419] -4.513941756316593
[657.2537515] -3.653325283527374
[657.3161671] -2.8867798660482675
[657.3898281] -2.301335006100791
[657.4494273] -2.2630096669707984
[657.5114153] -2.0480737660612376
[657.5745233] -1.464940582002912
[657.635934] -2.1237267329224516
[657.6981886] -3.2211943762643
[657.768993, 657.7690235] -3.5221266312258583
[657.8343162] -3.8476734161376953
[657.8935721] -3.3033334642648695
[657.9577756] -2.91375983101981
[658.01965] -3.297881819520678
[658.0889603] -3.702518791386059
[658.1525254] -4.445409299646105
[658.2136404] -5.701069970641818
[658.2768726] -6.805741608142853
[658.3398337] -7.402076482772827
[658.4098671] -7.623578522460801
[658.4763368] -7.5743103316852025
[658.5342808] -6.779190252092667
[658.5966125] -5.276768938132695
[658.6590195] -3.8214149074895047
[658.7304609, 658.7304881] -3.07526390339647
[658.796551] -2.82450624023165
[658.8549712] -3.3704984528677806
[658.9174584] -3.1829726925918034
[658.9811715] -2.54103051338877
[659.0513281] -2.1253543138504027
[659.1149836] -1.8930051181997571
[659.1758972] -1.7880208543368747
[659.2379964] -2.1975116865975517
[659.3016525] -3.014404580635684
[659.3638266] -3.6551784651620043
[659.4337159] -3.7420901928629196
[659.4965081] -4.015065853936331
[659.5575479] -4.946739492246083
[659.6226172] -6.010827456627574
[659.6832246, 659.6833274] -7.006585831088679
[659.7532548] -6.071442048890249
[659.8157203] -4.575709488562175
[659.8808014] -2.682666642325265
[659.9417214] -1.01834885094847
[660.0036348] -0.8342865569250923
[660.0733495] -1.8997360927718028
[660.1357879] -3.038943215778896
[660.2035098] -4.074901798793248
[660.2608568] -4.644238145862307
[660.3239778] -4.7582315819604055
[660.3949084] -4.598190144130163
[660.4581447] -4.029990754808699
[660.5188741] -3.2494361911501204
[660.5814034] -3.067777125138257
[660.6453638, 660.6454094] -3.3217512742217097
[660.7149196] -4.471689224243164
[660.7805596] -6.03050970520292
[660.8401384] -6.6816078424453735
[660.9025569] -5.706496267659324
[660.9645291] -3.81904958827155
[661.0290118] -1.5952044627496176
[661.0979191] -0.15972738351140703
[661.160041] -0.6158286371933561
[661.2217527] -2.2711218149534296
[661.2870236] -4.016524674424103
[661.3463806] -5.417815235682896
[661.4167796] -5.22419000558023
[661.4805831] -3.165634776864733
[661.5436946] -1.3601623637335643
[661.60556, 661.6055939] -0.9117870347840444
[661.6685393] -2.9539834575993673
[661.7372802] -3.936024048924446
[661.800083] -3.915662511757442
[661.8632652] -4.506650011880057
[661.9259556] -5.426832343850817
[661.9887615] -5.705234869888851
[662.059088] -6.943128766332354
[662.1211505] -8.822720197268895
[662.1826691] -9.100605538913182
[662.2449258] -8.095918219430105
[662.3079625] -7.1604778368558195
[662.3787176] -6.313959162575859
[662.4404571] -5.333139657974243
[662.5042953] -4.417516899108887
[662.5667903, 662.566839] -3.880416866711208
[662.6278571] -3.247894295624324
[662.69112] -2.6093212906803402
[662.7611876] -1.9476463747876032
[662.8251336] -1.6504598800625119
[662.8870597] -1.80813564317567
[662.9490439] -2.2899249872991017
[663.0130349] -2.6296089342662263
[663.0858829] -3.1219351870673044
[663.1450008] -3.445205919231687
[663.2069783] -3.3418995516640804
[663.2716924] -2.654762152263096
[663.332338] -1.2161481516701835
[663.4022997] 0.22621735164097334
[663.4642556] 0.8003103392464777
[663.5284462, 663.5284798, 663.5897978, 663.6520492, 663.7217562, 663.7848211, 663.84802, 663.9097719, 663.9716815, 664.0424615, 664.1063855, 664.1679875, 664.2294251, 664.2928325, 664.3556187, 664.4246324, 664.4889861, 664.4890436, 664.5501614, 664.613458, 664.6746326, 664.7449546, 664.8084273, 664.8721427, 664.9330733, 664.9963313, 665.0675918, 665.1284096, 665.1920789, 665.2543995, 665.3176302, 665.3862852, 665.4514989, 665.4515252, 665.5114829, 665.5739961, 665.6365874, 665.6980747, 665.7686233, 665.8310221, 665.8941379, 665.9581098, 666.0198278, 666.0908748, 666.1518036, 666.2135829, 666.2773124, 666.340445] 1.0315809522356298
[666.4103498, 666.4103811] -4.219957113265991
[666.4739294] -4.595514917373658
[666.5353077] -6.037365801845278
[666.5980636] -6.8773578235081265
[666.6605071] -6.979153210776193
[666.7294469] -6.779719242027828
[666.7929143] -5.720896659578596
[666.8555476] -4.25848308631352
[666.9173142] -3.686836109842573
[666.980704] -4.028866510731833
[667.0499076] -4.607309275014059
[667.1125805] -5.334759868042809
[667.1800552] -5.973214076672281
[667.2384202] -6.500020013536726
[667.3038507] -6.268556795801435
[667.3640974, 667.3641267] -5.607147475651333
[667.4331129] -5.503201872961862
[667.4966486] -5.756685311453683
[667.5579417] -6.059933720316206
[667.6208578] -6.233008347238813
[667.6831792] -6.615387965951648
[667.7532426] -7.3071823784283225
[667.8163601] -7.469876156534467
[667.8787593] -6.489142043462821
[667.9418667] -5.562153226988656
[668.00451] -5.217131805419922
[668.0734906] -4.323784691946846
[668.1362575] -3.435340128626142
[668.1999491] -3.887715631723404
[668.260981] -5.017508220672608
[668.326598, 668.3266345] -5.03157878603254
[668.3957105] -2.558030690465655
[668.4565625] -1.2437052726745605
[668.519308] 0.16076654706682447
[668.5817656] 1.146637977872576
[668.6434412] 1.6089094706944058
[668.7140691] 1.336270686558315
[668.7810897] -0.13033682107925415
[668.8410139] -2.0993263346808293
[668.9019071] -3.654273644515446
[668.9662747] -5.239311099052429
[669.029667] -6.255790669577462
[669.0971216] -5.392222901753017
[669.1605489] -3.868605431595019
[669.2235168] -3.2696005582809446
[669.2854472, 669.2854814] -3.2356077398572647
[669.347544] -3.9341492244175504
[669.4178893] -4.2615568710224965
[669.4833485] -3.5442891733986994
[669.5445072] -2.2473583634410588
[669.6054683] -0.7035137129681455
[669.6674722] 1.0305127346089908
[669.7381791, 669.8015237, 669.8622827, 669.9262411, 669.9879933, 670.0579237, 670.1210183, 670.1858259, 670.2465357, 670.2465705, 670.3097587, 670.3780387, 670.4401751, 670.5034056, 670.5685227, 670.6279201, 670.6901994, 670.7622612, 670.8233559, 670.8867198, 670.9484565, 671.0122697, 671.0807267, 671.1442998, 671.2074464, 671.2074742, 671.268613, 671.3326883, 671.4026791, 671.4637294, 671.52843, 671.5900133, 671.6513639, 671.7234012, 671.7843608, 671.8468625, 671.9106773, 671.9731861, 672.0436444, 672.1076768, 672.1671431, 672.1671699, 672.2293462, 672.2920277, 672.3546141, 672.4260927, 672.4879583, 672.5498881, 672.6127546, 672.6755016, 672.7457086, 672.8079156, 672.8710729, 672.933472, 672.9967212, 673.0650742, 673.1304812, 673.1305105, 673.1912504, 673.2531715] 1.809477466770581
[673.3161972] 0.5510724110262735
[673.3865026] -1.41020352350814
[673.4493406] -3.7987247058323454
[673.5126987] -5.401623897254467
[673.5741397] -6.478637079043048
[673.635982] -6.436890540804182
[673.6986226] -5.58301294190543
[673.7739984] -4.765684948648725
[673.8334039] -4.153816036667142
[673.8944585] -3.2606585919857025
[673.956856] -3.1918181777000427
[674.0193183] -4.315673421536173
[674.0911568, 674.0912047] -5.421014817271914
[674.1561139] -7.732657017026629
[674.2144656] -8.91166388307299
[674.2768202] -9.398943422521864
[674.3395218] -9.490596921103341
[674.40916] -9.066624468990735
[674.4728624] -8.035962487437896
[674.5371247] -6.437602397373745
[674.5979884] -4.649647575616837
[674.6594331] -3.8214493410927908
[674.7293995] -4.1723997592926025
[674.7934114] -4.316282343864441
[674.8555647] -4.256696095636913
[674.920225] -4.1835889311773435
[674.9807701] -3.922801506519318
[675.0514617, 675.0514924] -3.7152944445610045
[675.1167564] -5.913203641346523
[675.1748186] -6.618474537985666
[675.2384627] -6.13043104495321
[675.3024973] -5.15363855447088
[675.3647647] -4.273490460429873
[675.4329332] -3.50317046046257
[675.4965747] -3.1622815927224504
[675.5621255] -3.6366400676114217
[675.6215553] -4.174621718270438
[675.6825565] -4.529464823859079
[675.7546858] -5.212908043180193
[675.8157796] -6.302872882570539
[675.8781789] -6.749144923686981
[675.9420355] -6.558820056010569
[676.0051151, 676.00515] -6.086037140925015
[676.07562] -6.723173901012966
[676.1354948] -7.6941447562405045
[676.1990792] -7.594546473026275
[676.2615198] -6.740881507311549
[676.3240303] -6.008395279305322
[676.3940249] -4.84517698351826
[676.4564626] -3.8849298519747597
[676.5188006] -4.091117484228952
[676.5820783] -4.881069138007504
[676.6438001] -4.9619522469384325
[676.7161356] -4.6786412950072975
[676.7766356] -4.002307618515832
[676.8420761] -3.104466361658914
[676.9014549] -2.549667923791068
[676.9655332, 676.9655647] -2.044290786130088
[677.0272125] 0.9375428148678372
[677.0977615, 677.1590059, 677.2223583, 677.2854878, 677.3464988, 677.4186295, 677.4795218, 677.5442119, 677.6043401, 677.6672688, 677.7372772, 677.8004446, 677.8630567, 677.9253809, 677.9254129, 677.9875161, 678.0577639, 678.1204764, 678.1834668, 678.2462321, 678.3078075, 678.3776145, 678.4416377, 678.5026786, 678.5661085, 678.6285924, 678.6902449, 678.7611401, 678.8247359, 678.8865162, 678.8865458, 678.9513879, 679.0117401, 679.0836194, 679.1455035, 679.2060948, 679.270192, 679.3328707, 679.401728, 679.4643782, 679.5268083, 679.5901525, 679.651533, 679.7227578, 679.7867374] 1.15200651543481
[679.8469228, 679.8469543] -3.511143378700529
[679.9100055] -3.5123308607510157
[679.9720216] -3.3577845207282473
[680.0452643] -3.273884129524231
[680.1053638] -3.060829166003636
[680.1700973] -2.704884111881256
[680.2305056] -2.705246387209211
[680.2930501] -2.563864073077483
[680.3591974] -2.098879502354456
[680.4249522] -1.8128636275018966
[680.4872793] -2.2010058292320798
[680.5530259] -2.7293104478291106
[680.6128973] -3.494798272209508
[680.6761483] -4.130140815462385
[680.7479196] -3.9763077999864302
[680.8078617, 680.807898] -3.3693257570266724
[680.870381] -0.7712338486420256
[680.9331527] -0.4797924016203199
[680.9971989] -1.0899954063551767
[681.0699947] -2.040768126930509
[681.1290338] -3.7709997858319966
[681.1905153] -5.864099007419178
[681.2541071] -7.3186554951327185
[681.3204325] -7.951073982460159
[681.3869827] -7.343845326559884
[681.4493189] -5.660899502890451
[681.5135767] -3.3313380865114075
[681.5735509] -0.7545371958187648
[681.6371242] 0.8644091819013867
[681.6980482] 0.8696284106799536
[681.769819, 681.7698505] -0.1297188026564462
[681.8319579] -3.1479458106415614
[681.8937736] -4.623830354213714
[681.9559742] -5.526911183765956
[682.0204072] -6.050639823504856
[682.090272] -6.538473004954202
[682.1534932] -6.981591285978045
[682.2142776] -7.397790865387235
[682.2766657] -7.769880845717022
[682.3394542] -8.161124089785984
[682.41324] -8.443820691108703
[682.472508] -8.460238532509123
[682.53617] -8.427591110978808
[682.5985943] -8.470478858266558
[682.6604425] -7.926463692528861
[682.7301423, 682.7301728] -6.99348805972508
[682.7919369] -6.091508923577411
[682.8547485] -6.188055540834155
[682.9180926] -6.226141791684286
[682.9799999] -6.168901431560516
[683.0503078] -6.007686906733683
[683.1180601] -4.749812631521906
[683.1751652] -2.7802512662751333
[683.2416139, 683.30098] -1.579768112727574
[683.3635415] -0.6248062052897044
[683.4333546] -0.37308927263532377
[683.4957852] -0.38345441392489843
[683.5628687] -0.6156190116490636
[683.622044] -0.5168418645858766
[683.684395, 683.6844897] -0.4684201776981354
[683.7545026] -1.7136073623384749
[683.8156652] -2.961583985388279
[683.8796094] -4.586040380597114
[683.9407783] -5.719486815588815
[684.0049284] -5.856585673774991
[684.0758226] -5.464924139635904
[684.1369369] -4.640113074438912
[684.2009459] -3.6459330115999498
[684.2605597] -3.52962315423148
[684.3244101] -4.620928163187845
[684.3979973] -5.302323806498732
[684.4570233] -5.04771950670651
[684.5186837] -4.863434456342032
[684.5822844] -4.57357234103339
[684.6460857, 684.6461208] -3.304464381081717
[684.7160196] -2.4619934175695692
[684.776958] -3.2530839285680226
[684.8402819] -4.271372992651803
[684.9019483] -6.006804348741259
[684.9649779] -7.953471973964146
[685.0277066] -9.313339029039655
[685.0970304] -10.071615632516998
[685.1598764] -10.56107328278678
[685.2231621] -10.557191140311105
[685.2852112] -9.834963614600044
[685.3475595] -8.752231660911015
[685.4198501] -8.05890467762947
[685.4800313] -7.816529735497065
[685.5421096] -7.398622117723737
[685.6070376, 685.6070691] -6.926208708115986
[685.6673428] -4.583752309424536
[685.7376427] -2.532575207310064
[685.801442] -1.4713324951274054
[685.864368] -1.0572310652051653
[685.9250324] -0.6365028973136628
[685.9882261] -0.3523594156705907
[686.0588546] -0.3826600330216543
[686.1253879] -0.9847796644483293
[686.1833991] -2.144487868036543
[686.2472673] -3.630561156783785
[686.309549] -5.469383289984295
[686.3779823] -6.787097150938852
[686.442236] -6.757862131084714
[686.5037822] -5.761862585161413
[686.5679595, 686.56799] -4.785308391707284
[686.6284628] -2.8271076713289536
[686.6919441] -2.3054928966930937
[686.761732] -2.4433131856577734
[686.8241153] -2.883257122231381
[686.8860193] -3.468005306380136
[686.9483031] -4.134730763094766
[687.0106586] -4.213756347554071
[687.0820884] -3.734322796549116
[687.1441909] -3.5178194114140102
[687.2096801] -3.7908420586160254
[687.2696041] -4.251594884267875
[687.3327859] -5.127777147293091
[687.4025095] -5.903919286387308
[687.4636419] -5.6937070710318425
[687.5273161, 687.5273517] -4.379072158677237
[687.5901887] -1.2237889707088474
[687.6519762] 0.3166453157152449
[687.7241089] 1.8935101662363325
[687.7856864, 687.8497539, 687.9097735, 687.9718432, 688.0419696, 688.1056308, 688.1666829, 688.2299397, 688.2931104, 688.3553341, 688.4261377, 688.4872608, 688.4872887, 688.5508138, 688.6120834, 688.6750964, 688.7452552, 688.8090834, 688.8709359, 688.9347547, 688.9955305, 689.0667399, 689.1277357, 689.1923191, 689.254676, 689.3161577, 689.3874687, 689.4482796, 689.4483193, 689.512683, 689.5747981, 689.6380499, 689.6982135, 689.771734, 689.8318467, 689.894244, 689.9567928, 690.0221073, 690.0906048, 690.1514928, 690.2135366, 690.2769168, 690.3391328, 690.4108456, 690.4109067, 690.4717633, 690.5348926, 690.5985921, 690.6603208, 690.7305485, 690.7928089, 690.8553636, 690.9176047, 690.9810127, 691.0502857, 691.1134756, 691.1765085, 691.2392066, 691.2996126, 691.362603, 691.3626514, 691.4326749] 2.7136071818215504
[691.4963349] -2.659273522240775
[691.5578975] -2.9593091930661886
[691.62102] -4.210365813119071
[691.6839045] -5.460851213761739
[691.7530254] -5.9548119153295245
[691.8153844] -6.92305577823094
[691.8790669] -7.479596492222377
[691.9412179] -6.279892392243658
[692.0036836] -4.67245747745037
[692.0735092] -4.143322726658412
[692.1380045] -3.4202530111585343
[692.1998473] -2.2118288735193863
[692.2609635] -2.0732823197330745
[692.3249384, 692.3249881] -3.0913735474858965
[692.3941514] -5.459173221247537
[692.4578217] -6.197461370485169
[692.5193853] -7.103055789215224
[692.5865449] -7.311886721423694
[692.6464123] -5.966889406953539
[692.7149153] -4.416113162040711
[692.7789733] -3.1895830450180385
[692.8402069] -2.132269857610975
[692.9026418] -1.4078079734529765
[692.9652943] -1.5099012545176915
[693.0296759] -2.128620498520988
[693.0986519] -2.6659355998039245
[693.1597809] -2.9468997750963486
[693.2230547] -4.096182857453823
[693.2846817, 693.2847321] -5.403140785012926
[693.3476746] -6.055502712726593
[693.416728] -6.251962467176574
[693.4808145] -5.629152965652091
[693.5427215] -5.201936493601117
[693.6092586] -5.213551071711949
[693.6683848] -5.366537134987968
[693.7375178] -5.402807017735071
[693.8010314] -4.497122012078762
[693.863927] -3.2452792133603774
[693.9258048] -2.707793821607318
[693.9881104] -2.7938370023454935
[694.0608663] -3.5019743272236417
[694.1202546] -5.200024683134896
[694.184523] -6.61236708504813
[694.2476022, 694.2476375] -6.469313219615391
[694.3074522] -3.7098712733813697
[694.3787151] -2.4209317888532373
[694.441584] -1.1635968889508934
[694.50502] -0.6242049966539653
[694.5660703] -0.7982422224112922
[694.6282373] -0.9461017795971465
[694.6911966] -1.0673404812812803
[694.7617242] -1.30832627484841
[694.823685] -2.472453281709126
[694.8865438] -4.37386722064444
[694.9484854] -5.428457076208932
[695.0127575] -5.788923805632761
[695.0829114] -6.344823156935828
[695.1448344] -6.285427154334529
[695.2068323, 695.2068689] -5.699568969862802
[695.2695376] -5.075348794034549
[695.3322797] -3.9582877959523883
[695.403361] -3.1318567241941175
[695.4656298] -2.845877369812557
[695.5261876] -3.22818398135049
[695.5894689] -4.718505241189684
[695.6520146] -6.591078443186624
[695.7228158] -7.728582326003482
[695.7842121] -7.875864039148603
[695.8477755] -7.416580515248435
[695.9102864] -7.004529857635498
[695.972007] -7.571268463134766
[696.043093] -9.424645986727306
[696.1048715] -11.46120740686144
[696.1694232, 696.169474] -12.12385573387146
[696.2322319] -9.887969060455049
[696.2921319] -9.068459446089609
[696.3545795] -8.78859304359981
[696.4253028] -8.828707448925291
[696.48746] -9.708048290865761
[696.5509114] -10.739147438321796
[696.6133691] -10.599611753651075
[696.6750591] -10.131156329597745
[696.7462354] -10.575238755771093
[696.8088174] -11.160919386999947
[696.8717691] -11.721926472016744
[696.9338215] -12.472781690529414
[696.9956984] -13.435596067564827
[697.0656424] -14.021311009568826
[697.1279963, 697.1280311] -14.206765669584275
[697.1917759] -14.58659986427852
[697.2534568] -14.841772576740809
[697.3155518] -14.955199590751103
[697.3859644] -14.81658084009375
[697.450255] -14.564852431842258
[697.5113111] -13.546861203227724
[697.5746343] -12.060263769967214
[697.6370826] -11.3131088750703
[697.6981801] -11.641702671774796
[697.7689654] -11.503392583983285
[697.8317448] -10.844260529535159
[697.8943525] -10.345959537369865
[697.9576863] -10.007846779908453
[698.0190961] -9.730763486453466
[698.0923311, 698.0923601] -10.211269733735493
[698.152058] -12.837390787260873
[698.2174677] -13.023345180494445
[698.279492] -11.700634862695422
[698.3392076] -10.41894845707076
[698.4095033] -9.68594446693148
[698.472168] -9.120005166530609
[698.5376234] -9.326818782942635
[698.5980236] -10.700145152636937
[698.6605054] -11.787307092121669
[698.7305889] -11.740033195699963
[698.7933351] -10.647426853861127
[698.8556095] -9.271048620768957
[698.9177421] -8.452207824162073
[698.984126] -8.352507445641926
[699.0512303, 699.0512644] -9.28713337065918
[699.1132321] -11.043338309015546
[699.1777541] -10.888837293216161
[699.238118] -10.54121548788888
[699.3016677] -9.838673046657018
[699.3632662] -9.59578954407147
[699.4329624] -9.974602298225676
[699.4964005] -10.387581355231148
[699.5587076] -10.673826100145067
[699.6216061] -10.92076826776777
[699.684705] -10.957757872343063
[699.7537609] -11.184150990418026
[699.8159576] -11.456157381619725
[699.878447] -11.118899135078703
[699.9408869] -10.45278498115284
[700.0069534, 700.0069953] -9.701270392962865
[700.0732888] -7.578839976446969
[700.1368797] -7.26474392414093
[700.1997295] -7.136118040766035
[700.2611892] -7.442183205059597
[700.3244464] -8.350291899272374
[700.3944696] -9.089756751060486
[700.4558361] -9.586318918636866
[700.5240988] -10.358205313341957
[700.5822429] -11.197267952987126
[700.6448528] -11.604710512501853
[700.7152589] -11.440153530665807
[700.7789999] -11.313940959317344
[700.840394] -11.271040528161185
[700.9033398] -10.915485365050179
[700.9662495, 700.9663009] -10.429823953764778
[701.0264651] -9.627509034531457
[701.097935] -8.857050157977003
[701.159916] -8.100235686983382
[701.2216942] -7.622589523025921
[701.2848349] -7.489762814981597
[701.3471058] -7.621149861812592
[701.4173591] -7.671523017542703
[701.4820847] -7.490558723040991
[701.5433178] -7.2783128329685765
[701.606345] -7.399173038346427
[701.6685298] -7.588849170718875
[701.7385933] -7.87700674363545
[701.8003708] -8.254596693600927
[701.8635307] -7.938316627911159
[701.9285265, 701.9285555] -7.144635038716452
[701.9879422] -6.487401834556035
[702.0588372] -6.273303994962147
[702.1242303] -6.435729067453316
[702.1855014] -5.924960595369339
[702.2463131] -5.01531793475151
[702.3122037] -5.073636034556797
[702.3782474] -5.39493693113327
[702.4405793] -5.751518280165536
[702.5040951] -6.28343927689961
[702.5669375] -6.305571729796274
[702.6280193] -5.286922861848558
[702.6920712] -4.381694843300751
[702.7614314] -4.394002502305167
[702.8248219] -5.3444220611027315
[702.8879401, 702.8879674] -6.453751257487706
[702.949575] -7.393885862827301
[703.0134455] -6.251952653271811
[703.0829733] -4.732410001754761
[703.1443862] -3.7041073186056956
[703.2068675] -3.06407171189785
[703.2714716] -2.6587527053696767
[703.3316835] -3.094193690589496
[703.4021239] -4.588628343173436
[703.4652038] -5.677115464210511
[703.5273899] -5.492257288524082
[703.5916494] -5.373195455755506
[703.6519019] -5.5982467068093165
[703.7218674] -4.812192467280797
[703.7842648] -3.7939649198736465
[703.8506352, 703.8506632] -4.178390723466873
[703.9101147] -5.495524049230984
[703.9725596] -5.161054352351597
[704.043404] -4.1597481523241315
[704.1050152] -2.3405383697577884
[704.1673562] -0.5515509639467512
[704.2299774] 0.6470734314194748
[704.2934547, 704.3553353, 704.4247408, 704.4887723, 704.5496828, 704.6139013, 704.6756644, 704.7450298, 704.8088728, 704.8088987, 704.8735427, 704.9337069, 704.9951827, 705.066431, 705.1287874, 705.191148, 705.2544384, 705.31655, 705.385706, 705.4495239, 705.5110509, 705.5743655, 705.6354477, 705.6980079, 705.7700937, 705.770135, 705.8315224, 705.8941203, 705.9567835, 706.0188103, 706.0915188, 706.1511049, 706.2143931, 706.2764644, 706.339724, 706.4103219, 706.4741273, 706.5352559, 706.5971469, 706.6590801, 706.7298673, 706.7298932, 706.7921019, 706.8572797, 706.9184643, 706.9794727, 707.0503412, 707.1134635, 707.1746623, 707.237638, 707.3026157, 707.3624716, 707.435755, 707.4959467, 707.5578864, 707.6201018, 707.6830596, 707.6830947, 707.7528572, 707.8159103, 707.8785866, 707.9415273, 708.0038469, 708.0744789, 708.1369838, 708.1979799, 708.2613768, 708.3238764, 708.3952572, 708.4572716, 708.5212506, 708.581012, 708.6456418, 708.645667, 708.7137325, 708.7764181, 708.8386995, 708.9022113, 708.9639059, 709.0262887, 709.0976739, 709.1602689, 709.2221869] 0.8209892255919322
[709.2842352] -0.28752369795526755
[709.3482969] -1.7216837787601564
[709.4168185] -3.188158995764596
[709.4845408] -4.602036322866168
[709.5425356] -6.391386138541358
[709.6053027, 709.6053295] -8.415452378775392
[709.6676202] -9.622993548853056
[709.737147] -9.50451124395643
[709.8008184] -9.403779091153826
[709.8660173] -8.092867369311197
[709.9269978] -5.863055740083967
[709.9874034] -3.789728845389826
[710.0577947] -1.6916631673063551
[710.1201676] 0.009366168294634214
[710.1860186] 0.5886971558843346
[710.2453057] 0.3862733568464014
[710.3081844] -0.17507389613560242
[710.3789524] -0.6021851403372622
[710.4421871] -0.26057955878121586
[710.506428] -0.2117227349962505
[710.5662762, 710.5663061] -1.2045131530080528
[710.628681] -3.415251664604459
[710.6931418] -4.6323514699935915
[710.7607294] -5.140245108945029
[710.8280298] -5.090967701162611
[710.8859557] -5.197486962590899
[710.9489186] -5.372456504617418
[711.0113347] -5.575941840239933
[711.0810203] -5.574319124221802
[711.1446991] -5.402855263650418
[711.2060597] -5.746541833877563
[711.2694726] -6.264345729351044
[711.334497] -6.672563546044485
[711.4018982] -7.144240891933441
[711.4686577] -7.1491129159927365
[711.5274298, 711.527456] -5.986594455582755
[711.5893678] -3.142337085519518
[711.6515214] -1.4319128013082913
[711.7216303] 0.4679830276540349
[711.7853538] 1.7631975718906947
[711.8470276] 2.538775532586234
[711.9107755] 2.703026071616582
[711.9730834, 712.044187, 712.1045516, 712.167689, 712.2316466, 712.2916113, 712.354365, 712.4250945, 712.4882489, 712.4882736, 712.5503647, 712.6156542, 712.6745309, 712.7492702, 712.8083307, 712.8711328, 712.9335642, 712.9961493, 713.0652861, 713.1327014, 713.1910318, 713.2552513, 713.315989, 713.3869267, 713.4490896, 713.4491138, 713.5107256, 713.5743868, 713.6363623, 713.6981069, 713.7690463, 713.8320479, 713.895433, 713.9565464, 714.0192096, 714.0894224, 714.1509203, 714.2142283, 714.2765411, 714.3423086, 714.4096102, 714.4096356, 714.4719571, 714.534954, 714.5977633, 714.659659, 714.7345191, 714.7925583, 714.8555623, 714.9180827, 714.982082, 715.0512739, 715.1190425, 715.1767839, 715.2382745, 715.3001749, 715.3649563, 715.364993, 715.4334364] 1.8874170702482975
[715.4969338] -0.4575259083083697
[715.560779] -0.17269498237541736
[715.6201858] 0.05295691873346042
[715.6831515] 0.30304000090275474
[715.7530125] 0.858343963963645
[715.8154102] 1.3519646201814925
[715.880114] 1.6775991689413785
[715.9439638] 1.8018221974372863
[716.0028951] 1.4959032246044703
[716.073396] 0.45525085965969736
[716.1356813] -0.25649127960205087
[716.1986079] -0.6301970390336853
[716.262775] -1.1307462634518743
[716.3237194, 716.3237458] -1.5770534404686518
[716.3977013] -3.4834513528006417
[716.4570715] -4.832273013251169
[716.5194215] -6.367285813604083
[716.5823544] -8.556522594179427
[716.6446539] -10.538748042924063
[716.7158606] -11.496021341426033
[716.7766155] -11.828907274774142
[716.8401515] -11.829841833455223
[716.9024686] -11.070514631271362
[716.9662541] -9.496525238241468
[717.0264965] -7.7495726759944645
[717.0979982] -6.247428898646364
[717.1597813] -4.543202296325139
[717.224731] -2.9772650190762113
[717.2854683, 717.2855022] -2.694230341059821
[717.3483843] -2.317722114601305
[717.4168495] -1.224238501169852
[717.4811971] -0.33524162002972213
[717.5435506] 0.6454854232924323
[717.60468] 1.190699579034533
[717.6704491] 0.27128761155264725
[717.7399541] -1.1110840077911104
[717.8008507] -1.912927419798715
[717.8635798] -1.6446783922612669
[717.9246878] -0.4636457034519741
[717.9876113] 0.7740674342427933
[718.057631] 1.6217428228684836
[718.1203832] 2.088909215586526
[718.1838987] 1.8175642456327166
[718.2454567, 718.2454862] 1.1083214998245239
[718.3082312, 718.3782601, 718.440921, 718.5040907, 718.5678205, 718.6282805, 718.6922668, 718.7626462, 718.8234958, 718.8869463, 718.9501333, 719.0119981, 719.0812816, 719.1436697, 719.2064566, 719.2064814, 719.2687026, 719.3327847, 719.4018313, 719.4647156, 719.5268919, 719.5900644, 719.651822, 719.7222565, 719.7863344, 719.8478437, 719.9098684, 719.9719853, 720.0429609, 720.1045466, 720.1689379, 720.168968, 720.2299649, 720.2917491, 720.3546458, 720.4259973, 720.4882044, 720.5521258, 720.6144131, 720.674744, 720.7477176, 720.8083521, 720.8714023, 720.9332577, 720.9979067, 721.0662144, 721.1315335, 721.1315603, 721.1901221, 721.2548083, 721.3158412, 721.3868267, 721.4518838, 721.5113643, 721.5733872, 721.6367163, 721.6980556] 0.5157209064279282
[721.7706741] -7.794208455937249
[721.8312224] -7.0425970367022925
[721.8988437] -6.475778983267291
[721.9572583] -5.468447715044022
[722.01958] -4.163043369991438
[722.0903986, 722.0904239] -3.421012598382575
[722.1516055] -0.6993655468736377
[722.2149609] 0.8575064974171771
[722.2784428] 2.5570675849914553
[722.340009] 4.623497582333429
[722.4096904] 6.115896336521421
[722.4728386] 6.872390458839281
[722.5377395] 7.100364827258246
[722.5977699] 6.410636552742549
[722.6597773] 5.58006340605872
[722.7300262] 4.844559706960405
[722.7939899] 3.924565141541617
[722.8550188] 2.9448766927633967
[722.9172231] 1.5847973929984227
[722.9843572] -0.5075435723577226
[723.0548539, 723.0548887] -2.5161638762269702
[723.1130821] -6.3973450933183935
[723.1759067] -8.066127729415893
[723.2411093] -8.712213623523713
[723.300123] -8.848209930317743
[723.3626953] -8.626867640018464
[723.4335068] -8.10808127948216
[723.4996278] -7.72374997479575
[723.5589] -7.3526225737163
[723.6222436] -6.81400136607034
[723.6847561] -5.176041615009308
[723.7537124] -3.327911077226911
[723.8199485] -2.02721101811954
[723.8777907] -0.8148708633014135
[723.9408107] -0.17653873349939087
[724.0058054, 724.0058321] -1.1708139508962632
[724.0728593] -2.9377438357898167
[724.1373069] -4.022948693377631
[724.1990319] -5.0000001896172765
[724.261046] -5.142584125750831
[724.3242001] -5.196162787079811
[724.3946541] -6.322226453253201
[724.456029] -7.169482084363699
[724.5196878] -7.281377044745853
[724.5818039] -7.698357960156033
[724.6448817] -8.212350358281817
[724.7152998] -7.215744620561599
[724.7790314] -5.502402360098703
[724.8391921] -4.396158921718597
[724.9016387] -3.6962542712688444
[724.9646251, 724.9646541] -2.9705940502030512
[725.0294498] -4.171432845933097
[725.0976295] -5.8325596605028425
[725.1624411] -7.26335568853787
[725.2294085] -7.546497688974653
[725.2850069] -6.050589555927685
[725.3474106] -3.5268832104546686
[725.4166576] -0.8765380110059464
[725.4801817] 0.969849349771227
[725.5433599, 725.6063251, 725.6671579, 725.7382535, 725.8005897, 725.863076, 725.928082, 725.9281102, 725.9879995, 726.0575869, 726.1204457, 726.1832637, 726.245695, 726.307954, 726.3789577, 726.4437221, 726.5057693, 726.5662379, 726.6284511, 726.6910656, 726.7616976, 726.8253977, 726.8865388, 726.8865658, 726.9486578, 727.0117672, 727.0809618, 727.1440958, 727.2063939, 727.2705749, 727.3314197, 727.4032572, 727.4647873, 727.5281793, 727.5923197, 727.6526518, 727.7224028, 727.7870526, 727.8468998, 727.8469262, 727.9091126, 727.9743878, 728.0440696, 728.1052463, 728.1670379, 728.2302292, 728.292969, 728.36198, 728.4253923, 728.4883293, 728.5499481, 728.6130201, 728.6760806, 728.7468478, 728.8096674, 728.8097008, 728.8711039, 728.9334942, 728.9957337, 729.0650435, 729.1290271, 729.1916649, 729.2543557, 729.3159688, 729.387129, 729.4507548, 729.5124789, 729.5739148] 1.2436031188283647
[729.651975] 3.393419939279556
[729.6990139] 3.9006589731999806
[729.7705377, 729.7705744] 3.3096453070640566
[729.8383448] -0.1482267890657698
[729.8942375] -1.8617254291261944
[729.9567209] -3.4774673683302737
[730.0187758] -4.519927931776537
[730.090641] -4.925132329123361
[730.1523676] -5.4059963643550875
[730.2136324] -5.968374137367521
[730.2790757] -6.558886725561959
[730.3400633] -7.288901921680996
[730.4120401] -8.206288211686271
[730.4717118] -8.848004247514265
[730.5344914] -9.018066998890468
[730.5967288] -9.33599063711507
[730.6609706] -9.357421943119594
[730.729718, 730.7297514] -8.607618716784886
[730.7918426] -7.349332508019039
[730.8560315] -5.922586168561663
[730.9175554] -4.0281784994261605
[730.9807271] -2.32108804157802
[731.0501921] -0.46967057500566733
[731.1123897] 0.5589481800794602
[731.178004] -0.40555022784641825
[731.2416438] -2.9453142549310414
[731.3012139] -5.804049534457071
[731.3626137] -8.097867578693798
[731.4327695] -9.149785734074456
[731.4989035] -9.092653034414564
[731.5588561] -8.247107767207282
[731.6213437] -6.975111001729966
[731.6848494, 731.6848772] -5.753029839641281
[731.7539394] -2.7543314622981208
[731.8152992] -2.3861526216779434
[731.8795092] -2.511723027910505
[731.9433347] -2.8213578394481114
[732.0028403] -4.01759642958641
[732.0739382] -5.13386621092047
[732.1357258] -5.269720635243825
[732.1990946] -5.344173297179597
[732.2653664] -5.671266262871878
[732.3229815] -5.377944113527025
[732.3960967] -4.887098641267844
[732.4571648] -4.501892191597393
[732.5195547] -4.2379907190799715
[732.5817038] -4.423274606466293
[732.6447448, 732.6447844] -5.320716015778349
[732.7144981] -6.786112459216799
[732.7794274] -6.900254205295018
[732.8390897] -7.277137058121817
[732.9019716] -7.890189010756356
[732.9691606] -8.474488028883934
[733.0276473] -9.30909616947174
[733.0973497] -10.133417163576398
[733.1595187] -10.273803353895033
[733.2253631] -10.042509654590061
[733.2853422] -9.849864956310817
[733.3465297] -9.772392380024705
[733.4216652] -9.784883872100284
[733.479733] -8.912181830831937
[733.5450407] -7.091727377687182
[733.6050415, 733.6050747] -4.718662973812648
[733.6671189] -1.105481119666781
[733.7388779] -1.519693443604878
[733.8009024] -3.047613528796605
[733.8634295] -4.53369928087507
[733.926145] -5.531415920598166
[733.9878793] -6.0352251521178655
[734.0588822] -6.400880527496338
[734.1210652] -6.659457591601781
[734.1831057] -7.0840011520045145
[734.2509594] -7.657354166731238
[734.3076571] -8.16650592131274
[734.3799969] -7.804038031612124
[734.4401579] -7.079071232357196
[734.503643] -6.423946123463766
[734.5682933, 734.5683254] -5.494136654798473
[734.6289236] -2.7614648546491347
[734.6910482] -1.40228409831013
[734.7619526] -0.4029671869107654
[734.8246819] 0.2057776655469623
[734.886339] 0.8032965387616846
[734.9540479, 735.0109749, 735.0830274, 735.1444533, 735.2082967, 735.2685596, 735.3314451, 735.4017398, 735.464333, 735.5267111, 735.526748, 735.5924049, 735.651291, 735.723146, 735.785184, 735.8477903, 735.9121733, 735.9725354, 736.0422335, 736.1042474, 736.1686647, 736.2302649, 736.293308, 736.3543898, 736.4266489, 736.4886433, 736.4886705, 736.5496716, 736.6121377, 736.6752453, 736.7460472, 736.8077326, 736.8701661, 736.9339738, 736.9967078, 737.066034, 737.1275826, 737.1932763, 737.2536592, 737.3170886, 737.3875288, 737.4487329, 737.4487819, 737.5122974, 737.5755711, 737.6374114, 737.6985246, 737.7694469, 737.8326, 737.8945976, 737.9569975, 738.0195207, 738.0895037, 738.153346, 738.2140179, 738.2815293, 738.3385774, 738.4091814, 738.4092088, 738.4714767, 738.5348282, 738.5964613, 738.6595323, 738.7304069, 738.7923796, 738.8564205, 738.9185564, 738.9803379, 739.0510834, 739.1127163, 739.174454] 1.2901693514415191
[739.2374755] -1.226347770009722
[739.3007473] -0.30299652474267136
[739.36264, 739.3626736] 0.13604497909545898
[739.433808] -0.6139373191765376
[739.4962963] -2.1197537013462613
[739.5588062] -3.1375515971864973
[739.6209473] -3.6190569126180243
[739.6853422] -4.105497341496604
[739.759978] -4.930033289960452
[739.8168223] -6.143340265750885
[739.8787448] -7.605284887126514
[739.9410307] -8.777960361753191
[740.0028483] -9.202836998445648
[740.0733827] -8.947436758450099
[740.1376101] -8.387884313719614
[740.2006971] -7.451380619832447
[740.2619284] -6.612483862468174
[740.3248932, 740.3249328] -6.469537447180066
[740.3940338] -6.368141282456262
[740.46001] -6.795025555576597
[740.5201912] -7.683886031167848
[740.58104] -8.405682538662639
[740.6440079] -8.762353985650199
[740.7154904] -8.262591601056712
[740.7774147] -7.165893161722591
[740.8392539] -5.95643298625946
[740.9037884] -4.180413595267704
[740.9645636] -1.8022129595279694
[741.0264193] -0.9718908633504593
[741.096459] -1.726130267551967
[741.1605497] -2.5748299688100813
[741.2223327] -3.750171422958374
[741.2887174, 741.28875] -5.809778298650469
[741.351103] -5.865460353238242
[741.4186019] -4.462392560924803
[741.479526] -3.6288722966398512
[741.5439256] -2.807562763350351
[741.604263] -2.137668487003871
[741.6743195] -2.6298210297312052
[741.7381355] -3.389258786610194
[741.7998383] -3.338415128844125
[741.8641285] -3.239299838883536
[741.9252294] -3.409837937514697
[741.9873189] -3.4147273038114823
[742.0604413] -2.679982511486326
[742.121102] -1.519947759966765
[742.184146] -0.30971474477223015
[742.2452783, 742.2453154] 0.7427643912179134
[742.307565, 742.3786279, 742.4427798, 742.5051522, 742.5662476, 742.6295566, 742.6906915, 742.7627794, 742.8230428, 742.8923737, 742.9496985, 743.0111415, 743.0817403, 743.1486903, 743.2084193, 743.2084623, 743.2685806, 743.3324899, 743.4027312, 743.4649525, 743.5272983, 743.5922474, 743.6521177, 743.7219694, 743.7844846, 743.8484858, 743.9092105, 743.9730073, 744.0438069, 744.1093983, 744.1687376, 744.1687861, 744.2291591, 744.2926168, 744.3562712, 744.4257249, 744.4895549, 744.5528366, 744.6135519, 744.6759528, 744.7465298, 744.810138, 744.8709073, 744.933442, 744.9967823, 745.068597, 745.1287279, 745.1287627, 745.1901742, 745.2532921, 745.315585, 745.3869695, 745.448808, 745.5123954, 745.5771932, 745.6365702, 745.698063, 745.7699597, 745.8314162, 745.8949435, 745.9568897, 746.0203881, 746.0892376, 746.0893286, 746.1525816, 746.2137903, 746.2760683, 746.3413227, 746.4098465, 746.473816, 746.5357106, 746.5975973, 746.6599785, 746.7295345, 746.7930433, 746.8550239, 746.920908, 746.9805755, 747.0535107, 747.0535395, 747.1131809, 747.1747906, 747.2391417, 747.2996398, 747.3626599, 747.4323762, 747.495079, 747.5598802, 747.6208863, 747.6834544, 747.7543556, 747.8177747, 747.8794322, 747.9419071, 748.0033491, 748.0033854, 748.0736402, 748.1374487, 748.1980748, 748.2628769, 748.3255673, 748.3960156, 748.458979, 748.5212257, 748.5823969, 748.6459988, 748.7147418, 748.7781936, 748.8414697, 748.9016038, 748.9645143, 748.964581, 749.0301226, 749.0979074, 749.1618837, 749.2219507, 749.2850712, 749.3469792, 749.4194425, 749.4805406, 749.547389, 749.6058202, 749.6674481, 749.7426735, 749.7995971, 749.8634451, 749.9294611, 749.9294894, 749.9884789, 750.0590218, 750.1225024, 750.1834224, 750.2476509, 750.3076331, 750.3798918, 750.4420233, 750.5028881, 750.5653006, 750.6312788, 750.6906979, 750.764966, 750.8257302, 750.8869788, 750.8870088, 750.9485987, 751.0145591, 751.0817941, 751.1461056, 751.2072502, 751.2692886, 751.3313431, 751.4020597, 751.4648374, 751.5278312, 751.5888433, 751.6517466] 1.3038952418736045
[751.7239277] -2.9515295403344295
[751.784869] -5.167141447748456
[751.8478756, 751.8479142] -6.67433922971998
[751.9126814] -6.399191427230835
[751.9719708] -5.5495038253920415
[752.0422312] -4.555548894405365
[752.1075819] -3.5419875331755195
[752.1699965] -3.14439776795251
[752.2323506] -3.3257409954709667
[752.2954283] -3.79066276379994
[752.357399] -4.383850096804755
[752.4276121] -5.074640294483729
[752.4875075] -5.57119425194604
[752.5497473] -5.608627902077777
[752.6125431] -4.81083140202931
[752.6773172] -4.145264037166323
[752.745733] -3.8977548237357826
[752.8083928, 752.8084277] -3.6785593435168265
[752.8719143] -4.497292878798077
[752.933818] -4.509833510432925
[752.9971124] -3.4602586720670976
[753.065531] -1.7403147884777614
[753.1302643] 0.47530355368341715
[753.1919079] 2.4016145978655135
[753.2544129] 2.947903640355382
[753.3151406] 1.7821961266653878
[753.3858946] -0.41072278831686315
[753.4509336] -2.901229637009757
[753.5162943] -5.4326910981110155
[753.5740721] -6.713320489866394
[753.6372298] -6.249252833638873
[753.6980725] -5.255711542708534
[753.7711922, 753.7712312] -4.303299673234245
[753.8320458] -4.144219856602805
[753.8941948] -5.202925894941602
[753.9580345] -6.040300178527832
[754.0234038] -6.934221311126437
[754.0904844] -7.3499234063284735
[754.1512461] -6.474740277017865
[754.2157276] -5.2600523948669435
[754.2770286] -4.598922851043088
[754.3392628] -3.7563338688441688
[754.409756] -3.21419363958495
[754.4720237] -3.961582750507764
[754.5356482] -5.263548123836517
[754.5981055] -5.69894009743418
[754.6596263] -5.271328731094088
[754.7342442, 754.7342911] -4.405017541987555
[754.7933059] -0.9374565958976746
[754.8592417] 0.49379127408776957
[754.9177621] 0.9343440771102904
[754.9818049, 755.0516636, 755.1153038, 755.1766386, 755.2393001, 755.3032688, 755.3652457, 755.4331161, 755.4962388, 755.558464, 755.6208916, 755.6834307, 755.6834747, 755.7546095, 755.8162194, 755.8783502, 755.9415859, 756.0064545, 756.0745816, 756.1354331, 756.1987697, 756.2616818, 756.3238022, 756.3935907, 756.4575432, 756.5194086, 756.5831372, 756.6441169, 756.6441458, 756.7162756, 756.7783245, 756.8401783, 756.9042839, 756.9646064, 757.0290646, 757.0963515, 757.1614427, 757.2219466, 757.286712, 757.3480213, 757.4173149, 757.4809162, 757.5419944, 757.6051456, 757.6051748, 757.6668191, 757.7388287, 757.8001476, 757.8642008] 1.1661178861345558
[757.9250829] -4.09723447561264
[757.9872677] -3.1071201677833287
[758.0572981] -2.6020464411803657
[758.120133] -2.6236163565090727
[758.1834488] -3.482869606784412
[758.245266] -4.909100253241403
[758.3084148] -6.179157107216971
[758.3781275] -6.36576600755964
[758.4451131] -5.531528179986136
[758.5057082] -4.446916726657323
[758.5746319, 758.5746678] -2.839196506568364
[758.628539] -0.6873739923749653
[758.6945817] -1.4867204325539731
[758.761284] -2.3639868089130944
[758.8240492] -3.307443610259465
[758.886649] -4.174695335115706
[758.9509203] -4.502894905635289
[759.010999] -4.711707377433777
[759.0827989] -5.066640853881836
[759.144983] -5.511961603164673
[759.2065389] -5.242213227067675
[759.2694786] -4.3058985045978
[759.3374818] -3.4621047777788982
[759.4021232] -2.8905473413744143
[759.467801] -2.4758489848247596
[759.5279554, 759.5279864] -2.895207063906959
[759.5905926] -4.888261370999473
[759.6538253] -5.4820180944034025
[759.7221024] -6.115123666184289
[759.7859434] -6.549664350066866
[759.8465992] -6.105604343754904
[759.9148522] -4.260741785594394
[759.9722911] -1.8017011182648797
[760.0428328] 0.572271772793361
[760.1048471] 2.2079202864851273
[760.1680964] 2.7574373579451015
[760.2297641] 2.2409285298415593
[760.2917508] 1.1745128222874235
[760.358759] 0.03601873602185934
[760.4259232] -1.059281917129244
[760.4911985, 760.49123] -2.5336315274238586
[760.5506204] -5.379080990382603
[760.6131978] -6.28833348516907
[760.6778784] -7.0439605065754485
[760.7509223] -7.093701276608876
[760.8090659] -6.703179976344108
[760.8713534] -6.978157327856336
[760.9330799] -8.03730036190578
[760.9965736] -8.775873857576933
[761.0661521] -9.252742792878832
[761.1280706] -9.939670070327287
[761.1940027] -9.543496830122812
[761.2544381] -7.702831150804247
[761.3169116] -6.081451295316219
[761.3933154] -4.740351319313049
[761.4486613, 761.4486959] -3.356229409149715
[761.5131121] -4.330551757131304
[761.5733922] -5.091942550454821
[761.6389244] -4.475874416317259
[761.6980718] -2.9231860480138234
[761.7688723] -1.5679700729570216
[761.8328904] -0.5703923729913575
[761.896406] -0.027450530869620127
[761.9575629] -0.6347503151212419
[762.0203161] -2.3106512120791844
[762.088543] -3.250832908494132
[762.1519595] -2.8997430980205534
[762.215408] -2.3184277049132755
[762.2764208] -2.1148323689188278
[762.3388005] -1.1802321399961198
[762.4107191, 762.4107545] 0.20004258900880822
[762.4726434] 2.159521763665335
[762.5369102, 762.5979411, 762.6595058, 762.7304735, 762.7951785, 762.8564095, 762.917377, 762.9803493, 763.0507986, 763.112049, 763.176341, 763.237543, 763.3005787, 763.3635999, 763.3636293, 763.4329458, 763.4950853, 763.5583016, 763.622308, 763.6837719, 763.7555566, 763.8161456, 763.8778735, 763.9415347, 764.0042635, 764.0732376, 764.1373543, 764.2006095, 764.2617214, 764.3251229, 764.325159, 764.3942197, 764.4598619, 764.5191331, 764.5848481, 764.6443416, 764.7142223, 764.7768741, 764.8417277, 764.9013345, 764.964197, 765.0264556, 765.0964827, 765.1609653, 765.2227445, 765.286076, 765.2861064, 765.3469966, 765.4181148] 3.6384581123079567
[765.4806454] -4.391808970911162
[765.5427482] -5.482760479620525
[765.6067619] -6.374375421660287
[765.6667898] -7.179596436023712
[765.7384108] -7.778271922894886
[765.8011253] -7.587878043310983
[765.8632549] -6.660740177971976
[765.9252433] -5.883741212742669
[765.9872393] -5.047923799923488
[766.0588306] -3.6383907794952393
[766.1206646] -2.278102392809732
[766.1831116] -1.1588275934968677
[766.2456463, 766.2456767] 0.2303915773119245
[766.3137348] 3.6933856223310744
[766.3786074] 5.681665733882359
[766.4415767] 7.371024101121085
[766.50846] 7.6033224263361525
[766.5659167] 6.624153864383698
[766.6336625] 5.022600027493068
[766.6904401] 3.6006791832191603
[766.7610101] 2.9926204613276894
[766.8256596] 3.8125119784048627
[766.885647] 5.219561518941607
[766.9522811] 5.76590462582452
[767.0121076] 5.015105531896864
[767.0810261] 3.533025360107422
[767.1437177] 1.2651360937527245
[767.2080423, 767.2080787] -0.972399522577013
[767.2690881] -4.15203299352101
[767.3343338] -4.79883844256401
[767.4019425] -4.68980616075652
[767.4638753] -4.66247245158468
[767.5285913] -4.570294509615216
[767.5891328] -4.042655747277396
[767.6516541] -3.9330023288726803
[767.7233279] -4.147315903220858
[767.7850522] -3.7320830174854827
[767.8478221] -2.692861524650029
[767.9103526] -1.4273298178400313
[767.9716253] -0.40312743868146617
[768.0444585] -0.14726245829037254
[768.1046192] -0.9164315521717071
[768.1670291, 768.1670587] -2.595284843444824
[768.2319664] -6.577856234141759
[768.2938943] -7.719807713372367
[768.3559731] -7.391245358330863
[768.4252687] -5.756611272266933
[768.4885445] -3.7778220329965864
[768.5504785] -1.6555067285895348
[768.616468] -0.3471199354955128
[768.6758574] -0.7365039931344134
[768.7458905] -2.268289750495127
[768.8125002] -4.03093230000564
[768.8707246] -5.852096593805722
[768.934451] -6.664615488903863
[768.9955441] -6.496103771243776
[769.0665738] -6.169930493831634
[769.1281175, 769.128147] -6.291357636451721
[769.1904939] -7.188875675201416
[769.2528703] -7.774529446874347
[769.3156189] -7.628895418984549
[769.3858528] -7.092028379440308
[769.4531354] -7.071987230437141
[769.5124195] -7.365253880194254
[769.5749181] -7.418843141198158
[769.6365112] -7.584488743969372
[769.6980674] -8.288661582129343
[769.7690056] -8.55350770418133
[769.8325466] -8.146956769057683
[769.8947595] -8.26186400779656
[769.959812] -8.69000044465065
[770.019203] -8.820950974736895
[770.0891563, 770.0892076] -9.244462954998017
[770.1520596] -9.758116519664014
[770.2144918] -9.708588832191058
[770.2796216] -9.14860228385244
[770.339091] -8.02615994981357
[770.4103536] -7.3050153519426075
[770.4732741] -7.085416708673749
[770.5342025] -6.919762073244367
[770.6005344] -6.592383330208914
[770.6604278] -6.0078157535621095
[770.7306795] -5.430266840117318
[770.7927008] -4.718842509814671
[770.8546122] -3.738533709730421
[770.9187554] -2.908664736151695
[770.9801263] -2.45664233139583
[771.0504755, 771.0505054] -2.376655864715576
[771.114545] -2.916710581098284
[771.1786172] -3.37502518423966
[771.2395946] -3.9794507540762423
[771.3006155] -4.049169434713466
[771.3637173] -3.7062225231102537
[771.4327995] -3.850714163269316
[771.4967903] -3.8793992400169373
[771.5580507] -2.4667850417750223
[771.6209372] -0.02792643649237503
[771.6858569] 2.023055334602083
[771.7540765, 771.8165495, 771.8779063, 771.9416168, 772.0033713, 772.0034054, 772.0735307, 772.1382106, 772.1983933, 772.2625786, 772.3234627, 772.3945051, 772.4572018, 772.5194892, 772.581912, 772.6446182, 772.7145019, 772.7768379, 772.8402517, 772.9034773, 772.9656222, 772.965654, 773.0266817, 773.0967616, 773.1598092, 773.2227318, 773.2851106, 773.346744, 773.416889, 773.48056, 773.5437821, 773.6074314, 773.6676786, 773.7408728, 773.8009697, 773.8641868, 773.9265747, 773.926608, 773.9874629, 774.058285, 774.1208581, 774.1827918, 774.2465423, 774.3079189, 774.3801061, 774.4422824, 774.5039513, 774.5659358] 2.8457859426736833
[774.6281323] -2.4792746203286313
[774.6941578] -2.5844744827066153
[774.7615772] -2.9657295669828145
[774.823366] -2.756192452992712
[774.8869649, 774.8870092] -1.7079475854124342
[774.9489774] -0.7966483842049326
[775.0113592] -1.1476361521652767
[775.082775] -1.7784885798181804
[775.1447344] -2.8953100034168786
[775.206114] -3.8873831003904344
[775.2696814] -4.181413211992809
[775.3312292] -4.477982514245169
[775.4057355] -5.278221152084214
[775.4643255] -6.252192596745278
[775.5261912] -7.139450683764049
[775.5902578] -7.681970838138035
[775.6518162] -7.74820567199162
[775.7234208] -7.122337606123516
[775.7850823] -5.784134852753153
[775.8503747, 775.8504094] -4.66467000927244
[775.9104148] -5.363970008918217
[775.9751252] -6.232994214126043
[776.0433957] -6.488683339527675
[776.1057653] -5.825031001227243
[776.1673318] -5.299746869291578
[776.2296813] -4.749495361745358
[776.2948839] -4.032341051101684
[776.3544696] -3.3786979811532154
[776.4247466] -3.381778120994568
[776.4882987] -3.5297342034322874
[776.5509407] -3.6432489548410687
[776.6168516] -4.105333798272269
[776.6764938] -5.0431557161467415
[776.7463941] -5.741444954063211
[776.8095778, 776.8096322] -5.6948575053896215
[776.8707305] -4.815078911611011
[776.9341757] -3.593936023541859
[776.9969898] -2.8761495547635216
[777.0664538] -2.922164423125131
[777.12864] -2.5463986498968945
[777.1930582] -1.7546894082001279
[777.2530853] -1.4897600327219283
[777.3165865] -1.3735442297799247
[777.3855716] -1.1604484498500824
[777.4488639] -1.5432110969509398
[777.5144885] -2.6758849246161325
[777.5743927] -3.803367864659854
[777.6364721] -4.727450080428805
[777.6999759] -5.608065525123051
[777.7703823, 777.7704196] -6.0379906722477505
[777.8330611] -5.788171015466962
[777.8989133] -5.769695137228284
[777.9559457] -5.761439183780125
[778.0203159] -5.541467298780169
[778.0905758] -5.296899199485779
[778.1514322] -4.719172722952706
[778.2172715] -3.943046147482736
[778.2765651] -2.872906277860914
[778.3387029] -2.232320209911892
[778.4094189] -2.530485264744078
[778.4719247] -3.8971417767660963
[778.5358288] -5.294602658067431
[778.6014802] -6.279724639228412
[778.6595461] -7.075264825565474
[778.7312913, 778.7313561] -7.867852533715112
[778.793476] -7.6608647550855355
[778.8564459] -7.746043988636561
[778.9175599] -8.03863341467721
[778.9800584] -8.242143387028149
[779.0508643] -8.020365449360439
[779.1122005] -7.111624486105782
[779.1760403] -5.028710682051523
[779.2374641] -2.6246299862861635
[779.3007543] -0.9389827430248259
[779.3627824] -0.5946864553860256
[779.4344349] -1.8811661669186184
[779.4950529] -4.4764913558959964
[779.5582959] -7.279973442213876
[779.6202172] -8.834436608212334
[779.6853278, 779.6853623] -8.954113268852234
[779.7528827] -5.472501019069127
[779.8163817] -2.792535100664411
[779.8811858] -0.4770161305155072
[779.9402992] 0.4670026545013699
[780.0042451] 0.43716316734041505
[780.0742974] -0.926352139881679
[780.1368574] -2.8723353999001637
[780.199961] -4.048990871225085
[780.2628311] -4.05792418548039
[780.3243661] -3.2220113004956925
[780.3952839] -1.2347130394407682
[780.4570571] 0.4608411226953777
[780.532025] 0.8884171077183307
[780.581183, 780.6439035, 780.643945, 780.7141254, 780.7768208, 780.8394762, 780.9035207, 780.9649554, 781.0267764, 781.0969243, 781.1603535, 781.2218231, 781.2865577, 781.3474246, 781.4172373, 781.4800595, 781.543091, 781.6053303, 781.6053724, 781.6676289, 781.7386455, 781.800213, 781.8625363, 781.927005, 781.9887163, 782.0585091, 782.1219029, 782.1836266, 782.2484033, 782.3076538, 782.382579, 782.4407247, 782.5032486, 782.566924, 782.5669564, 782.6284792, 782.6914838, 782.7606202, 782.8243786, 782.887805, 782.9486502, 783.0116797, 783.0811053, 783.1441245, 783.2064399, 783.2689841, 783.3314488, 783.4011122, 783.4648805, 783.5267989, 783.5268391, 783.5905567, 783.6532917, 783.7228519, 783.7861469, 783.8466218] 0.6659755843026307
[783.910714] -6.926935312151909
[783.9718853] -7.349943161862237
[784.0433588] -6.933716196673257
[784.1064811] -5.329977430616107
[784.1674429] -3.5822978062289104
[784.2293967] -2.5697886126382015
[784.2930024] -1.8642061778477261
[784.3552723] -0.68913223189967
[784.4246841] 0.23697887318474908
[784.4883971, 784.4884319] 0.20289582354681812
[784.5505803] -1.0260267283235285
[784.6139623] -1.8459231070109778
[784.6782759] -1.899080450194223
[784.7456175] -1.4116839076791492
[784.8075245] -1.0539666631392075
[784.8720592] -1.0265922835894994
[784.9339357] -1.6309059177126204
[784.9958267] -2.946276697942189
[785.0652778] -4.181585145641916
[785.1281279] -4.594591486028262
[785.1916192] -4.41630465899195
[785.2560155] -4.399812524659293
[785.3164111] -5.0977177466665
[785.386459] -6.167250427603721
[785.448766, 785.4488019] -7.542912765911648
[785.5123012] -10.332003276688713
[785.5772506] -10.389535849434989
[785.6374728] -10.300320993150983
[785.6980617] -10.44783569744655
[785.7686149] -10.441096431868417
[785.8311926] -10.757427467618669
[785.8941892] -11.051325043397291
[785.9577895] -9.774804132325308
[786.0198353] -7.210129935400826
[786.0893606] -4.082590285369328
[786.1515271] -0.45075270916734445
[786.2138749] 2.3352122702768874
[786.2777649] 2.9704718640872407
[786.3404848] 2.0861563639981404
[786.4105028, 786.410546] 0.44004140411104475
[786.4718435] -2.821207594871521
[786.5362339] -3.1157657265663143
[786.5965829] -2.7183243342808314
[786.6600769] -2.1224057129451204
[786.7302837] -1.7949527944837298
[786.7924655] -2.0829440133912227
[786.8588026] -2.611025282314846
[786.9179664] -3.293261616570608
[786.9804013] -3.7804660047803607
[787.0506704] -4.218712893554143
[787.113372] -4.999263252530779
[787.1760694] -5.8787162993635445
[787.237224] -6.568175857407706
[787.3002877] -6.986834852184568
[787.3665453, 787.3665742] -6.840274930000305
[787.437689] -4.354499803270612
[787.4964235] -2.4009865020002636
[787.5600028] -0.6500962819371905
[787.6215468] 0.8132506285394943
